##TITLE= Parameter file, TopSpin 4.1.4
##JCAMPDX= 5.0
##DATATYPE= Parameter Values
##NPOINTS= 8	$$ modification sequence number
##ORIGIN= Bruker BioSpin GmbH
##OWNER= cristina
$$ 2024-05-30 11:32:50.990 +0200  cristina@cibmscannerd
$$ /opt/nmrdata/PV-360.3.3/data/cristina/20240530_092213_BDL776_sham_male_30052024_BDL776_sham_male_30052024_1_1/24/pv2tsdata/1/pdata/1/clevels
$$ process /opt/PV-360.3.3/prog/mod/dataserver
##$LEVELS= (0..255)
-142180177855.906 -78988987697.7255 -43882770943.1808 -24379317190.656
-13544065105.92 -7524480614.4 -4180267008 -2322370560 2322370560 4180267008
7524480614.4 13544065105.92 24379317190.656 43882770943.1808 78988987697.7255
142180177855.906 0 0 0 0 0 0 0 0 0 0 0 0 0 0 0 0 0 0 0 0 0 0 0 0 0 0 0
0 0 0 0 0 0 0 0 0 0 0 0 0 0 0 0 0 0 0 0 0 0 0 0 0 0 0 0 0 0 0 0 0 0 0 0
0 0 0 0 0 0 0 0 0 0 0 0 0 0 0 0 0 0 0 0 0 0 0 0 0 0 0 0 0 0 0 0 0 0 0 0
0 0 0 0 0 0 0 0 0 0 0 0 0 0 0 0 0 0 0 0 0 0 0 0 0 0 0 0 0 0 0 0 0 0 0 0
0 0 0 0 0 0 0 0 0 0 0 0 0 0 0 0 0 0 0 0 0 0 0 0 0 0 0 0 0 0 0 0 0 0 0 0
0 0 0 0 0 0 0 0 0 0 0 0 0 0 0 0 0 0 0 0 0 0 0 0 0 0 0 0 0 0 0 0 0 0 0 0
0 0 0 0 0 0 0 0 0 0 0 0 0 0 0 0 0 0 0 0 0 0 0 0 0 0 0 0 0 0 0 0 0
##$LEVSIGN= 3
##$MAXLEV= 8
##$METHOD= 0
##$NEGBASE= -2322370560
##$NEGINCR= 1.8
##$POSBASE= 2322370560
##$POSINCR= 1.8
##END=
