##TITLE= Parameter file, TopSpin 4.0.6
##JCAMPDX= 5.0
##DATATYPE= Parameter Values
##NPOINTS= 1	$$ modification sequence number
##ORIGIN= Bruker BioSpin GmbH
##OWNER= root
$$ 2022-01-13 12:50:55.107 +0000  root@BladeEpu
$$ /opt/topspin/conf/instr/spect/uxnmr.par
$$ process /opt/topspin/prog/mod/cfserver
##$ACBTAT= (0..64)
0 66 66 66 66 66 66 0 0 0 0 0 0 0 0 0 0 0 0 0 0 0 0 0 0 0 0 0 0 0 0 0 0
0 0 0 0 0 0 0 0 0 0 0 0 0 0 0 0 0 0 0 0 0 0 0 0 0 0 0 0 0 0 0 0
##$ACBTBA= (0..64)
0 0 0 0 0 0 0 0 0 0 0 0 0 0 0 0 0 0 0 0 0 0 0 0 0 0 0 0 0 0 0 0 0 0 0 0
0 0 0 0 0 0 0 0 0 0 0 0 0 0 0 0 0 0 0 0 0 0 0 0 0 0 0 0 0
##$ACBTBLK= (0..64)
0 35 1 34 1 33 1 0 0 0 0 0 0 0 0 0 0 0 0 0 0 0 0 0 0 0 0 0 0 0 0 0 0 0
0 0 0 0 0 0 0 0 0 0 0 0 0 0 0 0 0 0 0 0 0 0 0 0 0 0 0 0 0 0 0
##$ACBTCTL= (0..64)
0 6 6 6 6 6 6 0 0 0 0 0 0 0 0 0 0 0 0 0 0 0 0 0 0 0 0 0 0 0 0 0 0 0 0 0
0 0 0 0 0 0 0 0 0 0 0 0 0 0 0 0 0 0 0 0 0 0 0 0 0 0 0 0 0
##$ACBTDI= (0..64)
0 -1062706414 -1062706414 -1062706415 -1062706415 -1062706416 -1062706416
0 0 0 0 0 0 0 0 0 0 0 0 0 0 0 0 0 0 0 0 0 0 0 0 0 0 0 0 0 0 0 0 0 0 0 0
0 0 0 0 0 0 0 0 0 0 0 0 0 0 0 0 0 0 0 0 0 0
##$ACBTDM= (0..64)
0 5 20 5 20 5 20 0 0 0 0 0 0 0 0 0 0 0 0 0 0 0 0 0 0 0 0 0 0 0 0 0 0 0
0 0 0 0 0 0 0 0 0 0 0 0 0 0 0 0 0 0 0 0 0 0 0 0 0 0 0 0 0 0 0
##$ACBTFHI= (0..64)
0 650 650 650 650 650 650 0 0 0 0 0 0 0 0 0 0 0 0 0 0 0 0 0 0 0 0 0 0 0
0 0 0 0 0 0 0 0 0 0 0 0 0 0 0 0 0 0 0 0 0 0 0 0 0 0 0 0 0 0 0 0 0 0 0
##$ACBTFL= (0..64)
0 248 248 248 248 248 248 0 0 0 0 0 0 0 0 0 0 0 0 0 0 0 0 0 0 0 0 0 0 0
0 0 0 0 0 0 0 0 0 0 0 0 0 0 0 0 0 0 0 0 0 0 0 0 0 0 0 0 0 0 0 0 0 0 0
##$ACBTFLO= (0..64)
0 15 15 15 15 15 15 0 0 0 0 0 0 0 0 0 0 0 0 0 0 0 0 0 0 0 0 0 0 0 0 0 0
0 0 0 0 0 0 0 0 0 0 0 0 0 0 0 0 0 0 0 0 0 0 0 0 0 0 0 0 0 0 0 0
##$ACBTINP= (0..64)
0 3 3 2 2 1 1 0 0 0 0 0 0 0 0 0 0 0 0 0 0 0 0 0 0 0 0 0 0 0 0 0 0 0 0 0
0 0 0 0 0 0 0 0 0 0 0 0 0 0 0 0 0 0 0 0 0 0 0 0 0 0 0 0 0
##$ACBTOUT= (0..64)
0 0 0 0 0 0 0 0 0 0 0 0 0 0 0 0 0 0 0 0 0 0 0 0 0 0 0 0 0 0 0 0 0 0 0 0
0 0 0 0 0 0 0 0 0 0 0 0 0 0 0 0 0 0 0 0 0 0 0 0 0 0 0 0 0
##$ACBTPO= (0..64)
0 1000000 50000 1000000 50000 1000000 50000 0 0 0 0 0 0 0 0 0 0 0 0 0 0
0 0 0 0 0 0 0 0 0 0 0 0 0 0 0 0 0 0 0 0 0 0 0 0 0 0 0 0 0 0 0 0 0 0 0 0
0 0 0 0 0 0 0 0
##$ACBTPW= (0..64)
0 100 100 100 100 100 100 0 0 0 0 0 0 0 0 0 0 0 0 0 0 0 0 0 0 0 0 0 0 0
0 0 0 0 0 0 0 0 0 0 0 0 0 0 0 0 0 0 0 0 0 0 0 0 0 0 0 0 0 0 0 0 0 0 0
##$ACBTSB= (0..64)
0 8227 0 8227 0 8227 0 0 0 0 0 0 0 0 0 0 0 0 0 0 0 0 0 0 0 0 0 0 0 0 0
0 0 0 0 0 0 0 0 0 0 0 0 0 0 0 0 0 0 0 0 0 0 0 0 0 0 0 0 0 0 0 0 0 0
##$ACBTSDT= (0..64)
0 2 2 2 2 2 2 0 0 0 0 0 0 0 0 0 0 0 0 0 0 0 0 0 0 0 0 0 0 0 0 0 0 0 0 0
0 0 0 0 0 0 0 0 0 0 0 0 0 0 0 0 0 0 0 0 0 0 0 0 0 0 0 0 0
##$AMPDFLT= no
##$AQSBDCH= (0..95)
0 1 255 1 255 1 255 1 255 1 1 255 1 255 1 255 0 0 0 0 0 0 0 0 0 0 0 0 0
255 255 255 255 255 255 255 255 255 255 255 255 255 255 255 255 255 255
255 255 255 255 255 255 255 255 255 255 255 255 255 255 255 255 255 255
255 255 255 255 255 255 255 255 255 255 255 255 255 255 255 255 255 255
255 255 255 255 255 255 255 255 255 255 255 255 255
##$AQSBDHW= (0..95)
0 0 255 0 255 0 255 0 255 0 0 255 0 255 0 255 0 0 0 0 0 0 0 0 0 0 0 0 0
255 255 255 255 255 255 255 255 255 255 255 255 255 255 255 255 255 255
255 255 255 255 255 255 255 255 255 255 255 255 255 255 255 255 255 255
255 255 255 255 255 255 255 255 255 255 255 255 255 255 255 255 255 255
255 255 255 255 255 255 255 255 255 255 255 255 255
##$AQSBDID= (0..95)
255 83 82 83 82 83 82 83 82 255 83 82 83 82 83 82 255 255 255 68 255 255
88 255 255 255 255 255 255 255 255 255 255 255 255 255 255 255 255 255
255 255 255 255 255 255 255 255 255 255 255 255 255 255 255 255 255 255
255 255 255 255 255 255 255 255 255 255 255 255 255 255 255 255 255 255
255 255 255 255 255 255 255 255 255 255 255 255 255 255 255 255 255 255
255 255
##$AQSBDNO= (0..95)
1 1 255 2 255 3 255 4 255 1 5 255 6 255 7 255 1 1 1 1 2 1 1 1 1 2 3 4 1
255 255 255 255 255 255 255 255 255 255 255 255 255 255 255 255 255 255
255 255 255 255 255 255 255 255 255 255 255 255 255 255 255 255 255 255
255 255 255 255 255 255 255 255 255 255 255 255 255 255 255 255 255 255
255 255 255 255 255 255 255 255 255 255 255 255 255
##$AQSBDSL= (0..95)
0 1 255 2 255 3 255 4 255 6 7 255 8 255 9 255 0 0 0 0 0 0 0 0 0 0 0 0 0
255 255 255 255 255 255 255 255 255 255 255 255 255 255 255 255 255 255
255 255 255 255 255 255 255 255 255 255 255 255 255 255 255 255 255 255
255 255 255 255 255 255 255 255 255 255 255 255 255 255 255 255 255 255
255 255 255 255 255 255 255 255 255 255 255 255 255
##$AQSBDTY= (0..95)
10 1 255 1 255 1 255 1 255 2 1 255 1 255 1 255 10 10 10 7 10 10 3 5 6 6
6 6 8 255 255 255 255 255 255 255 255 255 255 255 255 255 255 255 255 255
255 255 255 255 255 255 255 255 255 255 255 255 255 255 255 255 255 255
255 255 255 255 255 255 255 255 255 255 255 255 255 255 255 255 255 255
255 255 255 255 255 255 255 255 255 255 255 255 255 255
##$AQSBUAD= (0..95)
255 255 255 255 255 255 255 255 255 255 255 255 255 255 255 255 255 255
255 255 255 255 255 255 255 255 255 255 255 255 255 255 255 255 255 255
255 255 255 255 255 255 255 255 255 255 255 255 255 255 255 255 255 255
255 255 255 255 255 255 255 255 255 255 255 255 255 255 255 255 255 255
255 255 255 255 255 255 255 255 255 255 255 255 255 255 255 255 255 255
255 255 255 255 255 255
##$AQSECL= (0..95)
255 255 255 255 255 255 255 255 255 255 255 255 255 255 255 255 255 255
255 255 255 255 255 255 255 255 255 255 255 255 255 255 255 255 255 255
255 255 255 255 255 255 255 255 255 255 255 255 255 255 255 255 255 255
255 255 255 255 255 255 255 255 255 255 255 255 255 255 255 255 255 255
255 255 255 255 255 255 255 255 255 255 255 255 255 255 255 255 255 255
255 255 255 255 255 255
##$AQSECLS= (0..95)
255 255 255 255 255 255 255 255 255 255 255 255 255 255 255 255 255 255
255 255 255 255 255 255 255 255 255 255 255 255 255 255 255 255 255 255
255 255 255 255 255 255 255 255 255 255 255 255 255 255 255 255 255 255
255 255 255 255 255 255 255 255 255 255 255 255 255 255 255 255 255 255
255 255 255 255 255 255 255 255 255 255 255 255 255 255 255 255 255 255
255 255 255 255 255 255
##$AdmCrpWbWiring= (0..1)
0 0
##$BACSAIR= no
##$BACSCAP= 0
##$BACSDEL= 10
##$BACSFCM= no
##$BACSOPT= <>
##$BACSTY= <no>
##$BFREQ= 599.42
##$BGAETH= (0..9)
<192.168.99.13> <192.168.99.11> <192.168.99.10> <no> <no> <no> <no> <no>
<no> <no>
##$BIRDS= yes
##$BMPC= 0
##$BMPCTY= <no>
##$BPSUTY= <no>
##$BSAETH= (0..9)
<192.168.99.15> <192.168.99.14> <no> <no> <no> <no> <no> <no> <no> <no>
##$BSMS= 0
##$BSMS19FLock= no
##$BSMSETH= <no>
##$BgaChFac2= (0..9)
0.01 0.01 0.01 0 0 0 0 0 0 0
##$BgaChMap= (0..9)
2 1 4 0 0 0 0 0 0 0
##$BgaChMaxv= (0..9)
524287 524287 524287 0 0 0 0 0 0 0
##$BgaChRouting= (0..63)
256 257 258 259 0 0 0 0 0 0 0 0 0 0 0 0 0 0 0 0 0 0 0 0 0 0 0 0 0 0 0 0
0 0 0 0 0 0 0 0 0 0 0 0 0 0 0 0 0 0 0 0 0 0 0 0 0 0 0 0 0 0 0 0
##$BgaChShimMap= (0..9)
2 1 4 0 0 0 0 0 0 0
##$BgaChShimMaxv= (0..9)
131070 131070 131070 0 0 0 0 0 0 0
##$BlaEth= (0..31)
<192.168.99.18> <192.168.99.17> <192.168.99.16> <no> <no> <no> <no> <no>
<no> <no> <no> <no> <no> <no> <no> <no> <no> <no> <no> <no> <no> <no> <no>
<no> <no> <no> <no> <no> <no> <no> <no> <no>
##$BlaHpLpViaTTL= (0..31)
0 0 0 0 0 0 0 0 0 0 0 0 0 0 0 0 0 0 0 0 0 0 0 0 0 0 0 0 0 0 0 0
##$BlaNam= (0..31)
<AV4 BLABB1000 15-650> <AV4 BLABB1000 15-650> <AV4 BLABB1000 15-650> <>
<> <> <> <> <> <> <> <> <> <> <> <> <> <> <> <> <> <> <> <> <> <> <> <>
<> <> <> <>
##$BlaPN= (0..31)
<W148221> <W148221> <W148221> <> <> <> <> <> <> <> <> <> <> <> <> <> <>
<> <> <> <> <> <> <> <> <> <> <> <> <> <> <>
##$BlaSN= (0..31)
<000050> <000039> <000042> <> <> <> <> <> <> <> <> <> <> <> <> <> <> <>
<> <> <> <> <> <> <> <> <> <> <> <> <> <>
##$BpduEth= (0..7)
<no> <no> <no> <no> <no> <no> <no> <no>
##$BsaChMap1= (0..9)
503316672 29360184 0 0 0 0 0 0 0 0
##$BsaChMap2= (0..9)
0 0 0 0 0 0 0 0 0 0
##$BsaChShimMaxv= (0..9)
131070 131070 0 0 0 0 0 0 0 0
##$BsmsAuxEth= <no>
##$BsmsLockNuclei= (0..15)
<> <> <> <> <> <> <> <> <> <> <> <> <> <> <> <>
##$CPDBTY= <no>
##$CRCOTY= <no>
##$CSW1= (0..31)
3 2 1 0 0 0 0 0 0 0 0 0 0 0 0 0 0 0 0 0 0 0 0 0 0 0 0 0 0 0 0 0
##$CSW2= (0..31)
0 0 0 0 0 0 0 0 0 0 0 0 0 0 0 0 0 0 0 0 0 0 0 0 0 0 0 0 0 0 0 0
##$CSWNUM= (0..15)
1 1 1 0 0 0 0 0 0 0 0 0 0 0 0 0
##$ConsolePnSn= <>
##$CryoCoolUnitEth= <no>
##$CryoProAccPnSn= <>
##$Ctb1Eth= <no>
##$CustRegisterNo= <>
##$DATSTAT= no
##$DPPFAC= 0.83
##$DRMSETH= <no>
##$DRU= no
##$Description= <BAP141/26>
##$DppType= 0
##$DrxFiltGrpDel= (0..23)
<68,36,20,9,5,3,2> <68,36,20,9,5,3,2> <68,36,20,9,5,3,2> <68,36,20,9,5,3,2>
<68,36,20,9,5,3,2> <68,36,20,9,5,3,2> <68,36,20,9,5,3,2> <> <> <> <> <>
<> <> <> <> <> <> <> <> <> <> <> <>
##$FCubeDrxDevice= (0..23)
</dev/bbu/drx3.5> </dev/bbu/drx4.5> </dev/bbu/drx5.5> </dev/bbu/drx6.5>
</dev/bbu/drx10.5> </dev/bbu/drx11.5> </dev/bbu/drx12.5> <> <> <> <> <>
<> <> <> <> <> <> <> <> <> <> <> <>
##$FCubeEth= (0..23)
<192.168.180.14> <192.168.180.18> <192.168.180.22> <192.168.180.26> <192.168.180.42>
<192.168.180.46> <192.168.180.50> <no> <no> <no> <no> <no> <no> <no> <no>
<no> <no> <no> <no> <no> <no> <no> <no> <no>
##$FCubeRtdDevice= (0..23)
</dev/bbu/rtd3.4> </dev/bbu/rtd4.4> </dev/bbu/rtd5.4> </dev/bbu/rtd6.4>
</dev/bbu/rtd10.4> </dev/bbu/rtd11.4> </dev/bbu/rtd12.4> <> <> <> <> <>
<> <> <> <> <> <> <> <> <> <> <> <>
##$FCubeSeqDevice= (0..23)
<> <> <> <> <> <> <> <> <> <> <> <> <> <> <> <> <> <> <> <> <> <> <> <>
##$FGSVTY= <no>
##$FRONTTY= <no>
##$FUNCMOD= <x>
##$FourPeriBdEth= <no>
##$FourShimBdEth= <no>
##$FourierPicsCon= no
##$FuncModBisDat= (0..7)
20180921 0 0 0 0 0 0 0
##$FuncModFRange= (0..7)
<> <> <> <> <> <> <> <>
##$FuncModPN= (0..7)
<Z107408> <> <> <> <> <> <> <>
##$FuncModSN= (0..7)
<00572> <> <> <> <> <> <> <>
##$GCUTYPE= 20
##$GCUTYPE2= -1
##$GCubeEth= <192.168.180.38>
##$GCubeFpfAddr= (0..9)
-1 -1 -1 -1 -1 -1 -1 -1 -1 -1
##$GCubeProcDevice= (0..1)
</dev/bbu/gproc9.7> <no>
##$GCubeRtdDevice= (0..1)
</dev/bbu/rtd9.4> <no>
##$GCubeSeqDevice= (0..1)
<> <>
##$GCubeSpfAddr= (0..63)
-1 -1 -1 -1 -1 -1 -1 -1 -1 -1 -1 -1 -1 -1 -1 -1 -1 -1 -1 -1 -1 -1 -1 -1
-1 -1 -1 -1 -1 -1 -1 -1 -1 -1 -1 -1 -1 -1 -1 -1 -1 -1 -1 -1 -1 -1 -1 -1
-1 -1 -1 -1 -1 -1 -1 -1 -1 -1 -1 -1 -1 -1 -1 -1
##$GPREDEL= 0
##$GPSCUTY= <no>
##$GRADRES= 1
##$GcConn= (0..1)
1 -1
##$GcubeSaCtrEth= <192.168.99.12>
##$GradAmpMaxCurX= (0..10)
0 300 0 0 0 0 0 0 0 0 0
##$GradAmpMaxCurY= (0..10)
300 0 0 0 0 0 0 0 0 0 0
##$GradAmpMaxCurZ= (0..10)
0 0 300 0 0 0 0 0 0 0 0
##$GradAmpName= (0..9)
<Gradient Controller> <Gradient Controller> <Gradient Controller> <> <>
<> <> <> <> <>
##$GradAmpPN= (0..9)
<W149910> <W149910> <W149910> <> <> <> <> <> <> <>
##$GradAmpSN= (0..9)
<0360> <0367> <0369> <> <> <> <> <> <> <>
##$GradAmpType= (0..10)
4 4 4 0 0 0 0 0 0 0 0
##$GradPowClkTime= (0..9)
32 32 32 0 0 0 0 0 0 0
##$GradPowImax= (0..9)
300 300 300 0 0 0 0 0 0 0
##$GradPowType= (0..9)
8 8 8 0 0 0 0 0 0 0
##$GradPowVmax= (0..9)
700 700 700 0 0 0 0 0 0 0
##$HPTXLP= (0..3)
-1 -1 -1 -1
##$HPTXPI= (0..3)
0 0 0 0
##$HPTXPO= (0..3)
0 0 0 0
##$HPTXTY= (0..3)
0 0 0 0
##$HpprCoverType= 2
##$IPSOTYPE= 0
##$LDUETH= <no>
##$LOCKCONF= <>
##$LOCSWID= 0
##$LOCSWIF= 0
##$Location= <>
##$MAS= 0
##$MASETIME= 10
##$MASITIME= 10
##$MASTY= <no>
##$MAS_CT= 5
##$MAS_SG= 0
##$MAS_TO= 0
##$MagnCoilPnSn= <>
##$MagnDewarPnSn= <>
##$MagnetPolarity= 1
##$MasEth= <no>
##$NAMPD= (0..32)
<> <HPLNA 1H19F> <HPLNA BB31P> <HPLNA 1H19F> <HPLNA 1H19F> <> <> <> <>
<> <> <> <> <> <> <> <> <> <> <> <> <> <> <> <> <> <> <> <> <> <> <> <>
##$NFCU= 7
##$NRCU= 7
##$NROUT= 0
##$NSGU= 7
##$OrderNo= <>
##$POWCHK= no
##$PRAMD1= (0..7)
6 0 0 1610612736 4 0 0 536870912
##$PRAMD10= (0..7)
0 0 0 0 0 0 0 0
##$PRAMD11= (0..7)
0 0 0 0 0 0 0 0
##$PRAMD12= (0..7)
0 0 0 0 0 0 0 0
##$PRAMD13= (0..7)
0 0 0 0 0 0 0 0
##$PRAMD14= (0..7)
0 0 0 0 0 0 0 0
##$PRAMD15= (0..7)
0 0 0 0 0 0 0 0
##$PRAMD16= (0..7)
0 0 0 0 0 0 0 0
##$PRAMD17= (0..7)
0 0 0 0 0 0 0 0
##$PRAMD18= (0..7)
0 0 0 0 0 0 0 0
##$PRAMD19= (0..7)
0 0 0 0 0 0 0 0
##$PRAMD2= (0..7)
2147483584 2147483647 2147483647 1610743807 0 0 0 0
##$PRAMD20= (0..7)
0 0 0 0 0 0 0 0
##$PRAMD21= (0..7)
0 0 0 0 0 0 0 0
##$PRAMD22= (0..7)
0 0 0 0 0 0 0 0
##$PRAMD23= (0..7)
0 0 0 0 0 0 0 0
##$PRAMD24= (0..7)
0 0 0 0 0 0 0 0
##$PRAMD25= (0..7)
0 0 0 0 0 0 0 0
##$PRAMD26= (0..7)
0 0 0 0 0 0 0 0
##$PRAMD27= (0..7)
0 0 0 0 0 0 0 0
##$PRAMD28= (0..7)
0 0 0 0 0 0 0 0
##$PRAMD29= (0..7)
0 0 0 0 0 0 0 0
##$PRAMD3= (0..7)
6 0 0 1610612736 4 0 0 536870912
##$PRAMD30= (0..7)
0 0 0 0 0 0 0 0
##$PRAMD31= (0..7)
0 0 0 0 0 0 0 0
##$PRAMD32= (0..7)
0 0 0 0 0 0 0 0
##$PRAMD4= (0..7)
6 0 0 1610612736 4 0 0 536870912
##$PRAMD5= (0..7)
0 0 0 0 0 0 0 0
##$PRAMD6= (0..7)
0 0 0 0 0 0 0 0
##$PRAMD7= (0..7)
0 0 0 0 0 0 0 0
##$PRAMD8= (0..7)
0 0 0 0 0 0 0 0
##$PRAMD9= (0..7)
0 0 0 0 0 0 0 0
##$PRAMLED= (0..1)
0 0
##$PRAMP= (0..9)
<no> <no> <no> <no> <no> <no> <no> <no> <no> <no>
##$PRAMPTP= 1
##$PREEMPTYPE= 0
##$PREREC= (0..31)
1 1 2 3 0 0 0 0 0 0 0 0 0 0 0 0 0 0 0 0 0 0 0 0 0 0 0 0 0 0 0 0
##$PTSFMX= (0..23)
1290 1290 1290 1290 1290 1290 1290 0 0 0 0 0 0 0 0 0 0 0 0 0 0 0 0 0
##$PULCHK= no
##$PduEth= (0..7)
<no> <no> <no> <no> <no> <no> <no> <no>
##$PerMagATempSens= no
##$PerMagEth= <no>
##$PerMagFluxSens= no
##$PerMagMTempSens= no
##$PramDutyCycPerc= (0..31)
4 4 4 4 0 0 0 0 0 0 0 0 0 0 0 0 0 0 0 0 0 0 0 0 0 0 0 0 0 0 0 0
##$PramPeakPowerW= (0..31)
4000 4000 4000 4000 0 0 0 0 0 0 0 0 0 0 0 0 0 0 0 0 0 0 0 0 0 0 0 0 0 0
0 0
##$PramPowerSwitch= (0..31)
0 0 0 0 0 0 0 0 0 0 0 0 0 0 0 0 0 0 0 0 0 0 0 0 0 0 0 0 0 0 0 0
##$PramPulWidthMs= (0..31)
10 0.05 10 10 0 0 0 0 0 0 0 0 0 0 0 0 0 0 0 0 0 0 0 0 0 0 0 0 0 0 0 0
##$PreampModBisDat= (0..31)
20190325 20190201 20190325 20190110 0 0 0 0 0 0 0 0 0 0 0 0 0 0 0 0 0 0
0 0 0 0 0 0 0 0 0 0
##$PreampModPN= (0..31)
<Z103205> <Z111093> <Z103205> <Z103205> <> <> <> <> <> <> <> <> <> <> <>
<> <> <> <> <> <> <> <> <> <> <> <> <> <> <> <> <>
##$PreampModSN= (0..31)
<01112> <00292> <01113> <01081> <> <> <> <> <> <> <> <> <> <> <> <> <>
<> <> <> <> <> <> <> <> <> <> <> <> <> <> <>
##$ProdigyEth= <no>
##$RFSVTY= <no>
##$RGTYPE= (0..31)
9 9 9 9 9 9 9 0 0 0 0 0 0 0 0 0 0 0 0 0 0 0 0 0 0 0 0 0 0 0 0 0
##$RG_max= (0..31)
101 101 101 101 101 101 101 -1 -1 -1 -1 -1 -1 -1 -1 -1 -1 -1 -1 -1 -1 -1
-1 -1 -1 -1 -1 -1 -1 -1 -1 -1
##$RG_min= (0..31)
0.25 0.25 0.25 0.25 0.25 0.25 0.25 -1 -1 -1 -1 -1 -1 -1 -1 -1 -1 -1 -1
-1 -1 -1 -1 -1 -1 -1 -1 -1 -1 -1 -1 -1
##$RG_tab1= (0..59)
0.25 0.28 0.32 0.35 0.4 0.44 0.5 0.56 0.64 0.7 0.8 0.89 1 1.12 1.28 1.4
1.6 1.78 2 2.25 2.56 2.8 3.2 3.56 4 4.5 5 5.6 6.35 7.12 8 9 10 11.3 12.7
14.2 16 18 20.2 22.6 25.4 28.5 32 36 40.3 45.2 50.8 57 64 71.8 80.6 90.5
101 -1 -1 -1 -1 -1 -1 -1
##$RG_tab10= (0..59)
-1 -1 -1 -1 -1 -1 -1 -1 -1 -1 -1 -1 -1 -1 -1 -1 -1 -1 -1 -1 -1 -1 -1 -1
-1 -1 -1 -1 -1 -1 -1 -1 -1 -1 -1 -1 -1 -1 -1 -1 -1 -1 -1 -1 -1 -1 -1 -1
-1 -1 -1 -1 -1 -1 -1 -1 -1 -1 -1 -1
##$RG_tab11= (0..59)
-1 -1 -1 -1 -1 -1 -1 -1 -1 -1 -1 -1 -1 -1 -1 -1 -1 -1 -1 -1 -1 -1 -1 -1
-1 -1 -1 -1 -1 -1 -1 -1 -1 -1 -1 -1 -1 -1 -1 -1 -1 -1 -1 -1 -1 -1 -1 -1
-1 -1 -1 -1 -1 -1 -1 -1 -1 -1 -1 -1
##$RG_tab12= (0..59)
-1 -1 -1 -1 -1 -1 -1 -1 -1 -1 -1 -1 -1 -1 -1 -1 -1 -1 -1 -1 -1 -1 -1 -1
-1 -1 -1 -1 -1 -1 -1 -1 -1 -1 -1 -1 -1 -1 -1 -1 -1 -1 -1 -1 -1 -1 -1 -1
-1 -1 -1 -1 -1 -1 -1 -1 -1 -1 -1 -1
##$RG_tab13= (0..59)
-1 -1 -1 -1 -1 -1 -1 -1 -1 -1 -1 -1 -1 -1 -1 -1 -1 -1 -1 -1 -1 -1 -1 -1
-1 -1 -1 -1 -1 -1 -1 -1 -1 -1 -1 -1 -1 -1 -1 -1 -1 -1 -1 -1 -1 -1 -1 -1
-1 -1 -1 -1 -1 -1 -1 -1 -1 -1 -1 -1
##$RG_tab14= (0..59)
-1 -1 -1 -1 -1 -1 -1 -1 -1 -1 -1 -1 -1 -1 -1 -1 -1 -1 -1 -1 -1 -1 -1 -1
-1 -1 -1 -1 -1 -1 -1 -1 -1 -1 -1 -1 -1 -1 -1 -1 -1 -1 -1 -1 -1 -1 -1 -1
-1 -1 -1 -1 -1 -1 -1 -1 -1 -1 -1 -1
##$RG_tab15= (0..59)
-1 -1 -1 -1 -1 -1 -1 -1 -1 -1 -1 -1 -1 -1 -1 -1 -1 -1 -1 -1 -1 -1 -1 -1
-1 -1 -1 -1 -1 -1 -1 -1 -1 -1 -1 -1 -1 -1 -1 -1 -1 -1 -1 -1 -1 -1 -1 -1
-1 -1 -1 -1 -1 -1 -1 -1 -1 -1 -1 -1
##$RG_tab16= (0..59)
-1 -1 -1 -1 -1 -1 -1 -1 -1 -1 -1 -1 -1 -1 -1 -1 -1 -1 -1 -1 -1 -1 -1 -1
-1 -1 -1 -1 -1 -1 -1 -1 -1 -1 -1 -1 -1 -1 -1 -1 -1 -1 -1 -1 -1 -1 -1 -1
-1 -1 -1 -1 -1 -1 -1 -1 -1 -1 -1 -1
##$RG_tab17= (0..59)
-1 -1 -1 -1 -1 -1 -1 -1 -1 -1 -1 -1 -1 -1 -1 -1 -1 -1 -1 -1 -1 -1 -1 -1
-1 -1 -1 -1 -1 -1 -1 -1 -1 -1 -1 -1 -1 -1 -1 -1 -1 -1 -1 -1 -1 -1 -1 -1
-1 -1 -1 -1 -1 -1 -1 -1 -1 -1 -1 -1
##$RG_tab18= (0..59)
-1 -1 -1 -1 -1 -1 -1 -1 -1 -1 -1 -1 -1 -1 -1 -1 -1 -1 -1 -1 -1 -1 -1 -1
-1 -1 -1 -1 -1 -1 -1 -1 -1 -1 -1 -1 -1 -1 -1 -1 -1 -1 -1 -1 -1 -1 -1 -1
-1 -1 -1 -1 -1 -1 -1 -1 -1 -1 -1 -1
##$RG_tab19= (0..59)
-1 -1 -1 -1 -1 -1 -1 -1 -1 -1 -1 -1 -1 -1 -1 -1 -1 -1 -1 -1 -1 -1 -1 -1
-1 -1 -1 -1 -1 -1 -1 -1 -1 -1 -1 -1 -1 -1 -1 -1 -1 -1 -1 -1 -1 -1 -1 -1
-1 -1 -1 -1 -1 -1 -1 -1 -1 -1 -1 -1
##$RG_tab2= (0..59)
0.25 0.28 0.32 0.35 0.4 0.44 0.5 0.56 0.64 0.7 0.8 0.89 1 1.12 1.28 1.4
1.6 1.78 2 2.25 2.56 2.8 3.2 3.56 4 4.5 5 5.6 6.35 7.12 8 9 10 11.3 12.7
14.2 16 18 20.2 22.6 25.4 28.5 32 36 40.3 45.2 50.8 57 64 71.8 80.6 90.5
101 -1 -1 -1 -1 -1 -1 -1
##$RG_tab20= (0..59)
-1 -1 -1 -1 -1 -1 -1 -1 -1 -1 -1 -1 -1 -1 -1 -1 -1 -1 -1 -1 -1 -1 -1 -1
-1 -1 -1 -1 -1 -1 -1 -1 -1 -1 -1 -1 -1 -1 -1 -1 -1 -1 -1 -1 -1 -1 -1 -1
-1 -1 -1 -1 -1 -1 -1 -1 -1 -1 -1 -1
##$RG_tab21= (0..59)
-1 -1 -1 -1 -1 -1 -1 -1 -1 -1 -1 -1 -1 -1 -1 -1 -1 -1 -1 -1 -1 -1 -1 -1
-1 -1 -1 -1 -1 -1 -1 -1 -1 -1 -1 -1 -1 -1 -1 -1 -1 -1 -1 -1 -1 -1 -1 -1
-1 -1 -1 -1 -1 -1 -1 -1 -1 -1 -1 -1
##$RG_tab22= (0..59)
-1 -1 -1 -1 -1 -1 -1 -1 -1 -1 -1 -1 -1 -1 -1 -1 -1 -1 -1 -1 -1 -1 -1 -1
-1 -1 -1 -1 -1 -1 -1 -1 -1 -1 -1 -1 -1 -1 -1 -1 -1 -1 -1 -1 -1 -1 -1 -1
-1 -1 -1 -1 -1 -1 -1 -1 -1 -1 -1 -1
##$RG_tab23= (0..59)
-1 -1 -1 -1 -1 -1 -1 -1 -1 -1 -1 -1 -1 -1 -1 -1 -1 -1 -1 -1 -1 -1 -1 -1
-1 -1 -1 -1 -1 -1 -1 -1 -1 -1 -1 -1 -1 -1 -1 -1 -1 -1 -1 -1 -1 -1 -1 -1
-1 -1 -1 -1 -1 -1 -1 -1 -1 -1 -1 -1
##$RG_tab24= (0..59)
-1 -1 -1 -1 -1 -1 -1 -1 -1 -1 -1 -1 -1 -1 -1 -1 -1 -1 -1 -1 -1 -1 -1 -1
-1 -1 -1 -1 -1 -1 -1 -1 -1 -1 -1 -1 -1 -1 -1 -1 -1 -1 -1 -1 -1 -1 -1 -1
-1 -1 -1 -1 -1 -1 -1 -1 -1 -1 -1 -1
##$RG_tab3= (0..59)
0.25 0.28 0.32 0.35 0.4 0.44 0.5 0.56 0.64 0.7 0.8 0.89 1 1.12 1.28 1.4
1.6 1.78 2 2.25 2.56 2.8 3.2 3.56 4 4.5 5 5.6 6.35 7.12 8 9 10 11.3 12.7
14.2 16 18 20.2 22.6 25.4 28.5 32 36 40.3 45.2 50.8 57 64 71.8 80.6 90.5
101 -1 -1 -1 -1 -1 -1 -1
##$RG_tab4= (0..59)
0.25 0.28 0.32 0.35 0.4 0.44 0.5 0.56 0.64 0.7 0.8 0.89 1 1.12 1.28 1.4
1.6 1.78 2 2.25 2.56 2.8 3.2 3.56 4 4.5 5 5.6 6.35 7.12 8 9 10 11.3 12.7
14.2 16 18 20.2 22.6 25.4 28.5 32 36 40.3 45.2 50.8 57 64 71.8 80.6 90.5
101 -1 -1 -1 -1 -1 -1 -1
##$RG_tab5= (0..59)
0.25 0.28 0.32 0.35 0.4 0.44 0.5 0.56 0.64 0.7 0.8 0.89 1 1.12 1.28 1.4
1.6 1.78 2 2.25 2.56 2.8 3.2 3.56 4 4.5 5 5.6 6.35 7.12 8 9 10 11.3 12.7
14.2 16 18 20.2 22.6 25.4 28.5 32 36 40.3 45.2 50.8 57 64 71.8 80.6 90.5
101 -1 -1 -1 -1 -1 -1 -1
##$RG_tab6= (0..59)
0.25 0.28 0.32 0.35 0.4 0.44 0.5 0.56 0.64 0.7 0.8 0.89 1 1.12 1.28 1.4
1.6 1.78 2 2.25 2.56 2.8 3.2 3.56 4 4.5 5 5.6 6.35 7.12 8 9 10 11.3 12.7
14.2 16 18 20.2 22.6 25.4 28.5 32 36 40.3 45.2 50.8 57 64 71.8 80.6 90.5
101 -1 -1 -1 -1 -1 -1 -1
##$RG_tab7= (0..59)
0.25 0.28 0.32 0.35 0.4 0.44 0.5 0.56 0.64 0.7 0.8 0.89 1 1.12 1.28 1.4
1.6 1.78 2 2.25 2.56 2.8 3.2 3.56 4 4.5 5 5.6 6.35 7.12 8 9 10 11.3 12.7
14.2 16 18 20.2 22.6 25.4 28.5 32 36 40.3 45.2 50.8 57 64 71.8 80.6 90.5
101 -1 -1 -1 -1 -1 -1 -1
##$RG_tab8= (0..59)
-1 -1 -1 -1 -1 -1 -1 -1 -1 -1 -1 -1 -1 -1 -1 -1 -1 -1 -1 -1 -1 -1 -1 -1
-1 -1 -1 -1 -1 -1 -1 -1 -1 -1 -1 -1 -1 -1 -1 -1 -1 -1 -1 -1 -1 -1 -1 -1
-1 -1 -1 -1 -1 -1 -1 -1 -1 -1 -1 -1
##$RG_tab9= (0..59)
-1 -1 -1 -1 -1 -1 -1 -1 -1 -1 -1 -1 -1 -1 -1 -1 -1 -1 -1 -1 -1 -1 -1 -1
-1 -1 -1 -1 -1 -1 -1 -1 -1 -1 -1 -1 -1 -1 -1 -1 -1 -1 -1 -1 -1 -1 -1 -1
-1 -1 -1 -1 -1 -1 -1 -1 -1 -1 -1 -1
##$ROBOTTY= <no>
##$ROUT14= (0..7)
0 0 0 0 0 0 0 0
##$ROUTER= 0
##$RXFMAX= (0..23)
1290 1290 1290 1290 1290 1290 1290 -1 -1 -1 -1 -1 -1 -1 -1 -1 -1 -1 -1
-1 -1 -1 -1 -1
##$RXFMIN= (0..23)
5 5 5 5 5 5 5 -1 -1 -1 -1 -1 -1 -1 -1 -1 -1 -1 -1 -1 -1 -1 -1 -1
##$RheoNmrEth= <no>
##$SGUC1= (0..23)
49 33 17 0 0 0 0 0 0 0 0 0 0 0 0 0 0 0 0 0 0 0 0 0
##$SGUC2= (0..23)
0 0 0 0 0 0 0 0 0 0 0 0 0 0 0 0 0 0 0 0 0 0 0 0
##$SLCBCONF= <>
##$SPECTR= 13
##$SYNCTRIG= 0
##$SamChgEth= (0..3)
<no> <no> <no> <no>
##$SamChgProtocol= (0..3)
<> <> <> <>
##$ServiceNo= <>
##$Sgu10PowerLevel= (0..7)
0 0 0 0 0 0 0 0
##$Sgu11PowerLevel= (0..7)
0 0 0 0 0 0 0 0
##$Sgu12PowerLevel= (0..7)
0 0 0 0 0 0 0 0
##$Sgu13PowerLevel= (0..7)
0 0 0 0 0 0 0 0
##$Sgu14PowerLevel= (0..7)
0 0 0 0 0 0 0 0
##$Sgu15PowerLevel= (0..7)
0 0 0 0 0 0 0 0
##$Sgu16PowerLevel= (0..7)
0 0 0 0 0 0 0 0
##$Sgu17PowerLevel= (0..7)
0 0 0 0 0 0 0 0
##$Sgu18PowerLevel= (0..7)
0 0 0 0 0 0 0 0
##$Sgu19PowerLevel= (0..7)
0 0 0 0 0 0 0 0
##$Sgu1PowerLevels= (0..7)
90 74 58 42 26 10 0 0
##$Sgu20PowerLevel= (0..7)
0 0 0 0 0 0 0 0
##$Sgu21PowerLevel= (0..7)
0 0 0 0 0 0 0 0
##$Sgu22PowerLevel= (0..7)
0 0 0 0 0 0 0 0
##$Sgu23PowerLevel= (0..7)
0 0 0 0 0 0 0 0
##$Sgu24PowerLevel= (0..7)
0 0 0 0 0 0 0 0
##$Sgu2PowerLevels= (0..7)
90 74 58 42 26 10 0 0
##$Sgu3PowerLevels= (0..7)
90 74 58 42 26 10 0 0
##$Sgu4PowerLevels= (0..7)
90 74 58 42 26 10 0 0
##$Sgu5PowerLevels= (0..7)
90 74 58 42 26 10 0 0
##$Sgu6PowerLevels= (0..7)
90 74 58 42 26 10 0 0
##$Sgu7PowerLevels= (0..7)
90 74 58 42 26 10 0 0
##$Sgu8PowerLevels= (0..7)
0 0 0 0 0 0 0 0
##$Sgu9PowerLevels= (0..7)
0 0 0 0 0 0 0 0
##$SguType= 4
##$ShimMaxVal= 131070
##$ShimPow1Ch2Sh= (0..38)
2 8 7 64 64 64 0 0 0 0 0 0 0 0 0 0 0 0 0 0 0 0 0 0 0 0 0 0 0 0 0 0 0 0
0 0 0 0 0
##$ShimPow1Imax= (0..38)
10 10 10 10 10 10 0 0 0 0 0 0 0 0 0 0 0 0 0 0 0 0 0 0 0 0 0 0 0 0 0 0 0
0 0 0 0 0 0
##$ShimPow1NChan= 6
##$ShimPow1TotIMax= 25
##$ShimPow1Vmax= (0..38)
60 60 60 60 60 60 0 0 0 0 0 0 0 0 0 0 0 0 0 0 0 0 0 0 0 0 0 0 0 0 0 0 0
0 0 0 0 0 0
##$ShimPow2Ch2Sh= (0..38)
64 64 64 10 9 64 0 0 0 0 0 0 0 0 0 0 0 0 0 0 0 0 0 0 0 0 0 0 0 0 0 0 0
0 0 0 0 0 0
##$ShimPow2Imax= (0..38)
10 10 10 10 10 10 0 0 0 0 0 0 0 0 0 0 0 0 0 0 0 0 0 0 0 0 0 0 0 0 0 0 0
0 0 0 0 0 0
##$ShimPow2NChan= 6
##$ShimPow2TotIMax= 25
##$ShimPow2Vmax= (0..38)
60 60 60 60 60 60 0 0 0 0 0 0 0 0 0 0 0 0 0 0 0 0 0 0 0 0 0 0 0 0 0 0 0
0 0 0 0 0 0
##$ShimPow3Ch2Sh= (0..38)
0 0 0 0 0 0 0 0 0 0 0 0 0 0 0 0 0 0 0 0 0 0 0 0 0 0 0 0 0 0 0 0 0 0 0 0
0 0 0
##$ShimPow3Imax= (0..38)
0 0 0 0 0 0 0 0 0 0 0 0 0 0 0 0 0 0 0 0 0 0 0 0 0 0 0 0 0 0 0 0 0 0 0 0
0 0 0
##$ShimPow3NChan= 0
##$ShimPow3TotIMax= 0
##$ShimPow3Vmax= (0..38)
0 0 0 0 0 0 0 0 0 0 0 0 0 0 0 0 0 0 0 0 0 0 0 0 0 0 0 0 0 0 0 0 0 0 0 0
0 0 0
##$ShimPow4Ch2Sh= (0..38)
0 0 0 0 0 0 0 0 0 0 0 0 0 0 0 0 0 0 0 0 0 0 0 0 0 0 0 0 0 0 0 0 0 0 0 0
0 0 0
##$ShimPow4Imax= (0..38)
0 0 0 0 0 0 0 0 0 0 0 0 0 0 0 0 0 0 0 0 0 0 0 0 0 0 0 0 0 0 0 0 0 0 0 0
0 0 0
##$ShimPow4NChan= 0
##$ShimPow4TotIMax= 0
##$ShimPow4Vmax= (0..38)
0 0 0 0 0 0 0 0 0 0 0 0 0 0 0 0 0 0 0 0 0 0 0 0 0 0 0 0 0 0 0 0 0 0 0 0
0 0 0
##$ShimPow5Ch2Sh= (0..38)
0 0 0 0 0 0 0 0 0 0 0 0 0 0 0 0 0 0 0 0 0 0 0 0 0 0 0 0 0 0 0 0 0 0 0 0
0 0 0
##$ShimPow5Imax= (0..38)
0 0 0 0 0 0 0 0 0 0 0 0 0 0 0 0 0 0 0 0 0 0 0 0 0 0 0 0 0 0 0 0 0 0 0 0
0 0 0
##$ShimPow5NChan= 0
##$ShimPow5TotIMax= 0
##$ShimPow5Vmax= (0..38)
0 0 0 0 0 0 0 0 0 0 0 0 0 0 0 0 0 0 0 0 0 0 0 0 0 0 0 0 0 0 0 0 0 0 0 0
0 0 0
##$ShimPow6Ch2Sh= (0..38)
0 0 0 0 0 0 0 0 0 0 0 0 0 0 0 0 0 0 0 0 0 0 0 0 0 0 0 0 0 0 0 0 0 0 0 0
0 0 0
##$ShimPow6Imax= (0..38)
0 0 0 0 0 0 0 0 0 0 0 0 0 0 0 0 0 0 0 0 0 0 0 0 0 0 0 0 0 0 0 0 0 0 0 0
0 0 0
##$ShimPow6NChan= 0
##$ShimPow6TotIMax= 0
##$ShimPow6Vmax= (0..38)
0 0 0 0 0 0 0 0 0 0 0 0 0 0 0 0 0 0 0 0 0 0 0 0 0 0 0 0 0 0 0 0 0 0 0 0
0 0 0
##$ShimPow7Ch2Sh= (0..38)
0 0 0 0 0 0 0 0 0 0 0 0 0 0 0 0 0 0 0 0 0 0 0 0 0 0 0 0 0 0 0 0 0 0 0 0
0 0 0
##$ShimPow7Imax= (0..38)
0 0 0 0 0 0 0 0 0 0 0 0 0 0 0 0 0 0 0 0 0 0 0 0 0 0 0 0 0 0 0 0 0 0 0 0
0 0 0
##$ShimPow7NChan= 0
##$ShimPow7TotIMax= 0
##$ShimPow7Vmax= (0..38)
0 0 0 0 0 0 0 0 0 0 0 0 0 0 0 0 0 0 0 0 0 0 0 0 0 0 0 0 0 0 0 0 0 0 0 0
0 0 0
##$ShimPow8Ch2Sh= (0..38)
0 0 0 0 0 0 0 0 0 0 0 0 0 0 0 0 0 0 0 0 0 0 0 0 0 0 0 0 0 0 0 0 0 0 0 0
0 0 0
##$ShimPow8Imax= (0..38)
0 0 0 0 0 0 0 0 0 0 0 0 0 0 0 0 0 0 0 0 0 0 0 0 0 0 0 0 0 0 0 0 0 0 0 0
0 0 0
##$ShimPow8NChan= 0
##$ShimPow8TotIMax= 0
##$ShimPow8Vmax= (0..38)
0 0 0 0 0 0 0 0 0 0 0 0 0 0 0 0 0 0 0 0 0 0 0 0 0 0 0 0 0 0 0 0 0 0 0 0
0 0 0
##$ShimPowMaxUA= (0..63)
0 0 0 0 0 0 0 0 0 0 0 0 0 0 0 0 0 0 0 0 0 0 0 0 0 0 0 0 0 0 0 0 0 0 0 0
0 0 0 0 0 0 0 0 0 0 0 0 0 0 0 0 0 0 0 0 0 0 0 0 0 0 0 0
##$ShimPowMaxUG= (0..63)
0 0 0 0 0 0 0 0 0 0 0 0 0 0 0 0 0 0 0 0 0 0 0 0 0 0 0 0 0 0 0 0 0 0 0 0
0 0 0 0 0 0 0 0 0 0 0 0 0 0 0 0 0 0 0 0 0 0 0 0 0 0 0 0
##$ShimPowNum= 2
##$ShimPowRcbType= 0
##$ShimPowRes= (0..63)
0 0 0 0 0 0 0 0 0 0 0 0 0 0 0 0 0 0 0 0 0 0 0 0 0 0 0 0 0 0 0 0 0 0 0 0
0 0 0 0 0 0 0 0 0 0 0 0 0 0 0 0 0 0 0 0 0 0 0 0 0 0 0 0
##$ShimPowRng0= (0..63)
0 0 0 0 0 0 0 0 0 0 0 0 0 0 0 0 0 0 0 0 0 0 0 0 0 0 0 0 0 0 0 0 0 0 0 0
0 0 0 0 0 0 0 0 0 0 0 0 0 0 0 0 0 0 0 0 0 0 0 0 0 0 0 0
##$ShimPowRng1= (0..63)
0 0 0 0 0 0 0 0 0 0 0 0 0 0 0 0 0 0 0 0 0 0 0 0 0 0 0 0 0 0 0 0 0 0 0 0
0 0 0 0 0 0 0 0 0 0 0 0 0 0 0 0 0 0 0 0 0 0 0 0 0 0 0 0
##$ShimPowRng2= (0..63)
0 0 0 0 0 0 0 0 0 0 0 0 0 0 0 0 0 0 0 0 0 0 0 0 0 0 0 0 0 0 0 0 0 0 0 0
0 0 0 0 0 0 0 0 0 0 0 0 0 0 0 0 0 0 0 0 0 0 0 0 0 0 0 0
##$ShimPowRng3= (0..63)
0 0 0 0 0 0 0 0 0 0 0 0 0 0 0 0 0 0 0 0 0 0 0 0 0 0 0 0 0 0 0 0 0 0 0 0
0 0 0 0 0 0 0 0 0 0 0 0 0 0 0 0 0 0 0 0 0 0 0 0 0 0 0 0
##$ShimPowType1= 3
##$ShimPowType2= 3
##$ShimPowType3= 0
##$ShimPowType4= 0
##$ShimPowType5= 0
##$ShimPowType6= 0
##$ShimPowType7= 0
##$ShimPowType8= 0
##$ShimSysActGrad= (0..63)
0 0 0 0 0 0 0 0 0 0 0 0 0 0 0 0 0 0 0 0 0 0 0 0 0 0 0 0 0 0 0 0 0 0 0 0
0 0 0 0 0 0 0 0 0 0 0 0 0 0 0 0 0 0 0 0 0 0 0 0 0 0 0 0
##$ShimSysAngle= <>
##$ShimSysFunc= (0..63)
0 0 0 0 0 0 0 0 0 0 0 0 0 0 0 0 0 0 0 0 0 0 0 0 0 0 0 0 0 0 0 0 0 0 0 0
0 0 0 0 0 0 0 0 0 0 0 0 0 0 0 0 0 0 0 0 0 0 0 0 0 0 0 0
##$ShimSysMatId= <no>
##$ShimSysMatrix= 0
##$ShimSysMinMaxUG= 0
##$ShimSysOffset= <>
##$ShimSysType= 0
##$ShimUnit= 7
##$TCubeEth= <192.168.180.38>
##$TCubeSeqDevice= <>
##$TOSITY= <no>
##$TRIPLO2= 0
##$TrxFreqFormula= (0..23)
<TrxFreqFormula(2.0,599420000.000000,'TRX',Trx(1.0,'TRX 1200.1',2,5.000000,1290.000000))>
<TrxFreqFormula(2.0,599420000.000000,'TRX',Trx(1.0,'TRX 1200.2',2,5.000000,1290.000000))>
<TrxFreqFormula(2.0,599420000.000000,'TRX',Trx(1.0,'TRX 1200.3',2,5.000000,1290.000000))>
<TrxFreqFormula(2.0,599420000.000000,'TRX',Trx(1.0,'TRX 1200.4',2,5.000000,1290.000000))>
<TrxFreqFormula(2.0,599420000.000000,'TRX',Trx(1.0,'TRX 1200.5',2,5.000000,1290.000000))>
<TrxFreqFormula(2.0,599420000.000000,'TRX',Trx(1.0,'TRX 1200.6',2,5.000000,1290.000000))>
<TrxFreqFormula(2.0,599420000.000000,'TRX',Trx(1.0,'TRX 1200.7',2,5.000000,1290.000000))>
<> <> <> <> <> <> <> <> <> <> <> <> <> <> <> <> <>
##$VTU= 0
##$VTUETH= <no>
##$VTUTY= <no>
##$WBREFAM= (0..31)
100.4 100 100.1 100 100 100 100 100 100 100 100 100 100 100 100 100 100
100 100 100 100 100 100 100 100 100 100 100 100 100 100 100
##$WBREFLM= (0..31)
2 1 2 2 0 0 0 0 0 0 0 0 0 0 0 0 0 0 0 0 0 0 0 0 0 0 0 0 0 0 0 0
##$WBREFPH= (0..31)
0.29 0 0.24 -0.02 0 0 0 0 0 0 0 0 0 0 0 0 0 0 0 0 0 0 0 0 0 0 0 0 0 0 0
0
##$WBSGU= (0..31)
1 1 2 4 0 0 0 0 0 0 0 0 0 0 0 0 0 0 0 0 0 0 0 0 0 0 0 0 0 0 0 0
##END=
