##TITLE= Parameter file, TopSpin 4.1.4
##JCAMPDX= 5.0
##DATATYPE= Parameter Values
##NPOINTS= 8	$$ modification sequence number
##ORIGIN= Bruker BioSpin GmbH
##OWNER= cristina
$$ 2024-05-30 11:32:56.615 +0200  cristina@cibmscannerd
$$ /opt/nmrdata/PV-360.3.3/data/cristina/20240530_092213_BDL776_sham_male_30052024_BDL776_sham_male_30052024_1_1/26/pv2tsdata/1/pdata/1/clevels
$$ process /opt/PV-360.3.3/prog/mod/dataserver
##$LEVELS= (0..255)
-99958741703.4424 -55532634279.6902 -30851463488.7168 -17139701938.176
-9522056632.32 -5290031462.4 -2938906368 -1632725760 1632725760 2938906368
5290031462.4 9522056632.32 17139701938.176 30851463488.7168 55532634279.6902
99958741703.4424 0 0 0 0 0 0 0 0 0 0 0 0 0 0 0 0 0 0 0 0 0 0 0 0 0 0 0
0 0 0 0 0 0 0 0 0 0 0 0 0 0 0 0 0 0 0 0 0 0 0 0 0 0 0 0 0 0 0 0 0 0 0 0
0 0 0 0 0 0 0 0 0 0 0 0 0 0 0 0 0 0 0 0 0 0 0 0 0 0 0 0 0 0 0 0 0 0 0 0
0 0 0 0 0 0 0 0 0 0 0 0 0 0 0 0 0 0 0 0 0 0 0 0 0 0 0 0 0 0 0 0 0 0 0 0
0 0 0 0 0 0 0 0 0 0 0 0 0 0 0 0 0 0 0 0 0 0 0 0 0 0 0 0 0 0 0 0 0 0 0 0
0 0 0 0 0 0 0 0 0 0 0 0 0 0 0 0 0 0 0 0 0 0 0 0 0 0 0 0 0 0 0 0 0 0 0 0
0 0 0 0 0 0 0 0 0 0 0 0 0 0 0 0 0 0 0 0 0 0 0 0 0 0 0 0 0 0 0 0 0
##$LEVSIGN= 3
##$MAXLEV= 8
##$METHOD= 0
##$NEGBASE= -1632725760
##$NEGINCR= 1.8
##$POSBASE= 1632725760
##$POSINCR= 1.8
##END=
