##TITLE= /xw2.6/exp/stan/nmr/lists/wave/HS1_R20.rfc
##JCAMP-DX= 5.00 Bruker JCAMP library
##DATA TYPE= Shape Data
##ORIGIN= Bruker Analytik GmbH
##OWNER= <valette>
##DATE= 100/12/15
##TIME= 17:04:46
##MINX= 0.000000e+00
##MAXX= 1.000000e+02
##MINY= 0.000000e+00
##MAXY= 3.593636e+02
##$SHAPE_EXMODE= Refocussing
##$SHAPE_TOTROT= 9.000000e+01
##$SHAPE_BWFAC= 2.000000e+01
##$SHAPE_INTEGFAC= 1.294983e-01
##$SHAPE_REPHFAC=50
##$SHAPE_TYPE=adiabatic
##$SHAPE_MODE= 0
##NPOINTS= 512
##XYPOINTS= (XY..XY)
1.000000e+00, -1.565000e+03
1.000000e+00, -1.558000e+03
1.000000e+00, -1.551000e+03
1.000000e+00, -1.543000e+03
1.000000e+00, -1.536000e+03
1.000000e+00, -1.529000e+03
1.000000e+00, -1.522000e+03
1.000000e+00, -1.515000e+03
1.000000e+00, -1.508000e+03
1.000000e+00, -1.501000e+03
1.000000e+00, -1.494000e+03
1.000000e+00, -1.487000e+03
1.000000e+00, -1.480000e+03
1.000000e+00, -1.473000e+03
1.000000e+00, -1.466000e+03
1.000000e+00, -1.459000e+03
1.000000e+00, -1.452000e+03
1.000000e+00, -1.445000e+03
1.000000e+00, -1.438000e+03
1.000000e+00, -1.431000e+03
2.000000e+00, -1.424000e+03
2.000000e+00, -1.417000e+03
2.000000e+00, -1.410000e+03
2.000000e+00, -1.403000e+03
2.000000e+00, -1.396000e+03
2.000000e+00, -1.388000e+03
2.000000e+00, -1.381000e+03
2.000000e+00, -1.374000e+03
2.000000e+00, -1.367000e+03
2.000000e+00, -1.360000e+03
2.000000e+00, -1.353000e+03
2.000000e+00, -1.346000e+03
2.000000e+00, -1.339000e+03
2.000000e+00, -1.332000e+03
2.000000e+00, -1.325000e+03
2.000000e+00, -1.318000e+03
2.000000e+00, -1.311000e+03
2.000000e+00, -1.304000e+03
2.000000e+00, -1.297000e+03
2.000000e+00, -1.290000e+03
2.000000e+00, -1.283000e+03
2.000000e+00, -1.276000e+03
2.000000e+00, -1.269000e+03
2.000000e+00, -1.262000e+03
2.000000e+00, -1.255000e+03
3.000000e+00, -1.248000e+03
3.000000e+00, -1.241000e+03
3.000000e+00, -1.234000e+03
3.000000e+00, -1.226000e+03
3.000000e+00, -1.219000e+03
3.000000e+00, -1.212000e+03
3.000000e+00, -1.205000e+03
3.000000e+00, -1.198000e+03
3.000000e+00, -1.191000e+03
3.000000e+00, -1.184000e+03
3.000000e+00, -1.177000e+03
3.000000e+00, -1.170000e+03
3.000000e+00, -1.163000e+03
3.000000e+00, -1.156000e+03
3.000000e+00, -1.149000e+03
3.000000e+00, -1.142000e+03
4.000000e+00, -1.135000e+03
4.000000e+00, -1.128000e+03
4.000000e+00, -1.121000e+03
4.000000e+00, -1.114000e+03
4.000000e+00, -1.107000e+03
4.000000e+00, -1.100000e+03
4.000000e+00, -1.093000e+03
4.000000e+00, -1.086000e+03
4.000000e+00, -1.079000e+03
4.000000e+00, -1.072000e+03
4.000000e+00, -1.065000e+03
4.000000e+00, -1.058000e+03
5.000000e+00, -1.050000e+03
5.000000e+00, -1.043000e+03
5.000000e+00, -1.036000e+03
5.000000e+00, -1.029000e+03
5.000000e+00, -1.022000e+03
5.000000e+00, -1.015000e+03
5.000000e+00, -1.008000e+03
5.000000e+00, -1.001000e+03
5.000000e+00, -9.940000e+02
5.000000e+00, -9.870000e+02
6.000000e+00, -9.800000e+02
6.000000e+00, -9.730000e+02
6.000000e+00, -9.660000e+02
6.000000e+00, -9.590000e+02
6.000000e+00, -9.520000e+02
6.000000e+00, -9.450000e+02
6.000000e+00, -9.380000e+02
6.000000e+00, -9.310000e+02
7.000000e+00, -9.240000e+02
7.000000e+00, -9.170000e+02
7.000000e+00, -9.100000e+02
7.000000e+00, -9.030000e+02
7.000000e+00, -8.960000e+02
7.000000e+00, -8.890000e+02
7.000000e+00, -8.820000e+02
8.000000e+00, -8.750000e+02
8.000000e+00, -8.680000e+02
8.000000e+00, -8.610000e+02
8.000000e+00, -8.540000e+02
8.000000e+00, -8.470000e+02
8.000000e+00, -8.400000e+02
9.000000e+00, -8.330000e+02
9.000000e+00, -8.260000e+02
9.000000e+00, -8.190000e+02
9.000000e+00, -8.110000e+02
9.000000e+00, -8.040000e+02
1.000000e+01, -7.970000e+02
1.000000e+01, -7.900000e+02
1.000000e+01, -7.830000e+02
1.000000e+01, -7.760000e+02
1.000000e+01, -7.690000e+02
1.100000e+01, -7.620000e+02
1.100000e+01, -7.550000e+02
1.100000e+01, -7.480000e+02
1.100000e+01, -7.410000e+02
1.200000e+01, -7.340000e+02
1.200000e+01, -7.270000e+02
1.200000e+01, -7.200000e+02
1.200000e+01, -7.130000e+02
1.200000e+01, -7.060000e+02
1.300000e+01, -6.990000e+02
1.300000e+01, -6.920000e+02
1.300000e+01, -6.850000e+02
1.400000e+01, -6.780000e+02
1.400000e+01, -6.720000e+02
1.400000e+01, -6.650000e+02
1.400000e+01, -6.580000e+02
1.500000e+01, -6.510000e+02
1.500000e+01, -6.440000e+02
1.500000e+01, -6.370000e+02
1.600000e+01, -6.300000e+02
1.600000e+01, -6.230000e+02
1.600000e+01, -6.160000e+02
1.700000e+01, -6.090000e+02
1.700000e+01, -6.020000e+02
1.700000e+01, -5.950000e+02
1.800000e+01, -5.880000e+02
1.800000e+01, -5.810000e+02
1.800000e+01, -5.740000e+02
1.900000e+01, -5.670000e+02
1.900000e+01, -5.600000e+02
2.000000e+01, -5.530000e+02
2.000000e+01, -5.470000e+02
2.000000e+01, -5.400000e+02
2.100000e+01, -5.330000e+02
2.100000e+01, -5.260000e+02
2.200000e+01, -5.190000e+02
2.200000e+01, -5.120000e+02
2.300000e+01, -5.050000e+02
2.300000e+01, -4.980000e+02
2.400000e+01, -4.920000e+02
2.400000e+01, -4.850000e+02
2.400000e+01, -4.780000e+02
2.500000e+01, -4.710000e+02
2.500000e+01, -4.640000e+02
2.600000e+01, -4.570000e+02
2.700000e+01, -4.510000e+02
2.700000e+01, -4.440000e+02
2.800000e+01, -4.370000e+02
2.800000e+01, -4.300000e+02
2.900000e+01, -4.230000e+02
2.900000e+01, -4.170000e+02
3.000000e+01, -4.100000e+02
3.000000e+01, -4.030000e+02
3.100000e+01, -3.970000e+02
3.200000e+01, -3.900000e+02
3.200000e+01, -3.830000e+02
3.300000e+01, -3.770000e+02
3.400000e+01, -3.700000e+02
3.400000e+01, -3.630000e+02
3.500000e+01, -3.570000e+02
3.600000e+01, -3.500000e+02
3.600000e+01, -3.440000e+02
3.700000e+01, -3.370000e+02
3.800000e+01, -3.300000e+02
3.900000e+01, -3.240000e+02
3.900000e+01, -3.170000e+02
4.000000e+01, -3.110000e+02
4.100000e+01, -3.050000e+02
4.200000e+01, -2.980000e+02
4.200000e+01, -2.920000e+02
4.300000e+01, -2.850000e+02
4.400000e+01, -2.790000e+02
4.500000e+01, -2.730000e+02
4.600000e+01, -2.660000e+02
4.600000e+01, -2.600000e+02
4.700000e+01, -2.540000e+02
4.800000e+01, -2.480000e+02
4.900000e+01, -2.420000e+02
5.000000e+01, -2.350000e+02
5.100000e+01, -2.290000e+02
5.200000e+01, -2.230000e+02
5.300000e+01, -2.170000e+02
5.400000e+01, -2.110000e+02
5.500000e+01, -2.050000e+02
5.600000e+01, -2.000000e+02
5.700000e+01, -1.940000e+02
5.800000e+01, -1.880000e+02
5.800000e+01, -1.820000e+02
5.900000e+01, -1.770000e+02
6.000000e+01, -1.710000e+02
6.100000e+01, -1.650000e+02
6.200000e+01, -1.600000e+02
6.300000e+01, -1.540000e+02
6.500000e+01, -1.490000e+02
6.600000e+01, -1.440000e+02
6.700000e+01, -1.380000e+02
6.800000e+01, -1.330000e+02
6.900000e+01, -1.280000e+02
7.000000e+01, -1.230000e+02
7.100000e+01, -1.180000e+02
7.200000e+01, -1.130000e+02
7.300000e+01, -1.080000e+02
7.400000e+01, -1.030000e+02
7.500000e+01, -9.800000e+01
7.600000e+01, -9.400000e+01
7.700000e+01, -8.900000e+01
7.800000e+01, -8.500000e+01
7.900000e+01, -8.000000e+01
8.000000e+01, -7.600000e+01
8.100000e+01, -7.200000e+01
8.200000e+01, -6.800000e+01
8.300000e+01, -6.400000e+01
8.400000e+01, -6.000000e+01
8.500000e+01, -5.600000e+01
8.600000e+01, -5.200000e+01
8.700000e+01, -4.900000e+01
8.700000e+01, -4.500000e+01
8.800000e+01, -4.200000e+01
8.900000e+01, -3.900000e+01
9.000000e+01, -3.600000e+01
9.100000e+01, -3.300000e+01
9.200000e+01, -3.000000e+01
9.200000e+01, -2.700000e+01
9.300000e+01, -2.400000e+01
9.400000e+01, -2.200000e+01
9.400000e+01, -2.000000e+01
9.500000e+01, -1.700000e+01
9.600000e+01, -1.500000e+01
9.600000e+01, -1.300000e+01
9.700000e+01, -1.100000e+01
9.700000e+01, -1.000000e+01
9.800000e+01, -8.000000e+00
9.800000e+01, -7.000000e+00
9.800000e+01, -5.000000e+00
9.900000e+01, -4.000000e+00
9.900000e+01, -3.000000e+00
9.900000e+01, -2.000000e+00
1.000000e+02, -1.000000e+00
1.000000e+02, -1.000000e+00
1.000000e+02, -0.000000e+00
1.000000e+02, -0.000000e+00
1.000000e+02, -0.000000e+00
1.000000e+02, -0.000000e+00
1.000000e+02, -0.000000e+00
1.000000e+02, -0.000000e+00
1.000000e+02, -1.000000e+00
1.000000e+02, -1.000000e+00
9.900000e+01, -2.000000e+00
9.900000e+01, -3.000000e+00
9.900000e+01, -4.000000e+00
9.800000e+01, -5.000000e+00
9.800000e+01, -7.000000e+00
9.800000e+01, -8.000000e+00
9.700000e+01, -1.000000e+01
9.700000e+01, -1.100000e+01
9.600000e+01, -1.300000e+01
9.600000e+01, -1.500000e+01
9.500000e+01, -1.700000e+01
9.400000e+01, -2.000000e+01
9.400000e+01, -2.200000e+01
9.300000e+01, -2.400000e+01
9.200000e+01, -2.700000e+01
9.200000e+01, -3.000000e+01
9.100000e+01, -3.300000e+01
9.000000e+01, -3.600000e+01
8.900000e+01, -3.900000e+01
8.800000e+01, -4.200000e+01
8.700000e+01, -4.500000e+01
8.700000e+01, -4.900000e+01
8.600000e+01, -5.200000e+01
8.500000e+01, -5.600000e+01
8.400000e+01, -6.000000e+01
8.300000e+01, -6.400000e+01
8.200000e+01, -6.800000e+01
8.100000e+01, -7.200000e+01
8.000000e+01, -7.600000e+01
7.900000e+01, -8.000000e+01
7.800000e+01, -8.500000e+01
7.700000e+01, -8.900000e+01
7.600000e+01, -9.400000e+01
7.500000e+01, -9.800000e+01
7.400000e+01, -1.030000e+02
7.300000e+01, -1.080000e+02
7.200000e+01, -1.130000e+02
7.100000e+01, -1.180000e+02
7.000000e+01, -1.230000e+02
6.900000e+01, -1.280000e+02
6.800000e+01, -1.330000e+02
6.700000e+01, -1.380000e+02
6.600000e+01, -1.440000e+02
6.500000e+01, -1.490000e+02
6.300000e+01, -1.540000e+02
6.200000e+01, -1.600000e+02
6.100000e+01, -1.650000e+02
6.000000e+01, -1.710000e+02
5.900000e+01, -1.770000e+02
5.800000e+01, -1.820000e+02
5.800000e+01, -1.880000e+02
5.700000e+01, -1.940000e+02
5.600000e+01, -2.000000e+02
5.500000e+01, -2.050000e+02
5.400000e+01, -2.110000e+02
5.300000e+01, -2.170000e+02
5.200000e+01, -2.230000e+02
5.100000e+01, -2.290000e+02
5.000000e+01, -2.350000e+02
4.900000e+01, -2.420000e+02
4.800000e+01, -2.480000e+02
4.700000e+01, -2.540000e+02
4.600000e+01, -2.600000e+02
4.600000e+01, -2.660000e+02
4.500000e+01, -2.730000e+02
4.400000e+01, -2.790000e+02
4.300000e+01, -2.850000e+02
4.200000e+01, -2.920000e+02
4.200000e+01, -2.980000e+02
4.100000e+01, -3.050000e+02
4.000000e+01, -3.110000e+02
3.900000e+01, -3.170000e+02
3.900000e+01, -3.240000e+02
3.800000e+01, -3.300000e+02
3.700000e+01, -3.370000e+02
3.600000e+01, -3.440000e+02
3.600000e+01, -3.500000e+02
3.500000e+01, -3.570000e+02
3.400000e+01, -3.630000e+02
3.400000e+01, -3.700000e+02
3.300000e+01, -3.770000e+02
3.200000e+01, -3.830000e+02
3.200000e+01, -3.900000e+02
3.100000e+01, -3.970000e+02
3.000000e+01, -4.030000e+02
3.000000e+01, -4.100000e+02
2.900000e+01, -4.170000e+02
2.900000e+01, -4.230000e+02
2.800000e+01, -4.300000e+02
2.800000e+01, -4.370000e+02
2.700000e+01, -4.440000e+02
2.700000e+01, -4.510000e+02
2.600000e+01, -4.570000e+02
2.500000e+01, -4.640000e+02
2.500000e+01, -4.710000e+02
2.400000e+01, -4.780000e+02
2.400000e+01, -4.850000e+02
2.400000e+01, -4.920000e+02
2.300000e+01, -4.980000e+02
2.300000e+01, -5.050000e+02
2.200000e+01, -5.120000e+02
2.200000e+01, -5.190000e+02
2.100000e+01, -5.260000e+02
2.100000e+01, -5.330000e+02
2.000000e+01, -5.400000e+02
2.000000e+01, -5.470000e+02
2.000000e+01, -5.530000e+02
1.900000e+01, -5.600000e+02
1.900000e+01, -5.670000e+02
1.800000e+01, -5.740000e+02
1.800000e+01, -5.810000e+02
1.800000e+01, -5.880000e+02
1.700000e+01, -5.950000e+02
1.700000e+01, -6.020000e+02
1.700000e+01, -6.090000e+02
1.600000e+01, -6.160000e+02
1.600000e+01, -6.230000e+02
1.600000e+01, -6.300000e+02
1.500000e+01, -6.370000e+02
1.500000e+01, -6.440000e+02
1.500000e+01, -6.510000e+02
1.400000e+01, -6.580000e+02
1.400000e+01, -6.650000e+02
1.400000e+01, -6.720000e+02
1.400000e+01, -6.780000e+02
1.300000e+01, -6.850000e+02
1.300000e+01, -6.920000e+02
1.300000e+01, -6.990000e+02
1.200000e+01, -7.060000e+02
1.200000e+01, -7.130000e+02
1.200000e+01, -7.200000e+02
1.200000e+01, -7.270000e+02
1.200000e+01, -7.340000e+02
1.100000e+01, -7.410000e+02
1.100000e+01, -7.480000e+02
1.100000e+01, -7.550000e+02
1.100000e+01, -7.620000e+02
1.000000e+01, -7.690000e+02
1.000000e+01, -7.760000e+02
1.000000e+01, -7.830000e+02
1.000000e+01, -7.900000e+02
1.000000e+01, -7.970000e+02
9.000000e+00, -8.040000e+02
9.000000e+00, -8.110000e+02
9.000000e+00, -8.190000e+02
9.000000e+00, -8.260000e+02
9.000000e+00, -8.330000e+02
8.000000e+00, -8.400000e+02
8.000000e+00, -8.470000e+02
8.000000e+00, -8.540000e+02
8.000000e+00, -8.610000e+02
8.000000e+00, -8.680000e+02
8.000000e+00, -8.750000e+02
7.000000e+00, -8.820000e+02
7.000000e+00, -8.890000e+02
7.000000e+00, -8.960000e+02
7.000000e+00, -9.030000e+02
7.000000e+00, -9.100000e+02
7.000000e+00, -9.170000e+02
7.000000e+00, -9.240000e+02
6.000000e+00, -9.310000e+02
6.000000e+00, -9.380000e+02
6.000000e+00, -9.450000e+02
6.000000e+00, -9.520000e+02
6.000000e+00, -9.590000e+02
6.000000e+00, -9.660000e+02
6.000000e+00, -9.730000e+02
6.000000e+00, -9.800000e+02
5.000000e+00, -9.870000e+02
5.000000e+00, -9.940000e+02
5.000000e+00, -1.001000e+03
5.000000e+00, -1.008000e+03
5.000000e+00, -1.015000e+03
5.000000e+00, -1.022000e+03
5.000000e+00, -1.029000e+03
5.000000e+00, -1.036000e+03
5.000000e+00, -1.043000e+03
5.000000e+00, -1.050000e+03
4.000000e+00, -1.058000e+03
4.000000e+00, -1.065000e+03
4.000000e+00, -1.072000e+03
4.000000e+00, -1.079000e+03
4.000000e+00, -1.086000e+03
4.000000e+00, -1.093000e+03
4.000000e+00, -1.100000e+03
4.000000e+00, -1.107000e+03
4.000000e+00, -1.114000e+03
4.000000e+00, -1.121000e+03
4.000000e+00, -1.128000e+03
4.000000e+00, -1.135000e+03
3.000000e+00, -1.142000e+03
3.000000e+00, -1.149000e+03
3.000000e+00, -1.156000e+03
3.000000e+00, -1.163000e+03
3.000000e+00, -1.170000e+03
3.000000e+00, -1.177000e+03
3.000000e+00, -1.184000e+03
3.000000e+00, -1.191000e+03
3.000000e+00, -1.198000e+03
3.000000e+00, -1.205000e+03
3.000000e+00, -1.212000e+03
3.000000e+00, -1.219000e+03
3.000000e+00, -1.226000e+03
3.000000e+00, -1.234000e+03
3.000000e+00, -1.241000e+03
3.000000e+00, -1.248000e+03
2.000000e+00, -1.255000e+03
2.000000e+00, -1.262000e+03
2.000000e+00, -1.269000e+03
2.000000e+00, -1.276000e+03
2.000000e+00, -1.283000e+03
2.000000e+00, -1.290000e+03
2.000000e+00, -1.297000e+03
2.000000e+00, -1.304000e+03
2.000000e+00, -1.311000e+03
2.000000e+00, -1.318000e+03
2.000000e+00, -1.325000e+03
2.000000e+00, -1.332000e+03
2.000000e+00, -1.339000e+03
2.000000e+00, -1.346000e+03
2.000000e+00, -1.353000e+03
2.000000e+00, -1.360000e+03
2.000000e+00, -1.367000e+03
2.000000e+00, -1.374000e+03
2.000000e+00, -1.381000e+03
2.000000e+00, -1.388000e+03
2.000000e+00, -1.396000e+03
2.000000e+00, -1.403000e+03
2.000000e+00, -1.410000e+03
2.000000e+00, -1.417000e+03
2.000000e+00, -1.424000e+03
1.000000e+00, -1.431000e+03
1.000000e+00, -1.438000e+03
1.000000e+00, -1.445000e+03
1.000000e+00, -1.452000e+03
1.000000e+00, -1.459000e+03
1.000000e+00, -1.466000e+03
1.000000e+00, -1.473000e+03
1.000000e+00, -1.480000e+03
1.000000e+00, -1.487000e+03
1.000000e+00, -1.494000e+03
1.000000e+00, -1.501000e+03
1.000000e+00, -1.508000e+03
1.000000e+00, -1.515000e+03
1.000000e+00, -1.522000e+03
1.000000e+00, -1.529000e+03
1.000000e+00, -1.536000e+03
1.000000e+00, -1.543000e+03
1.000000e+00, -1.551000e+03
1.000000e+00, -1.558000e+03
1.000000e+00, -1.565000e+03
##END= 
