##TITLE= /opt/PV-360.1.1/prog/curdir/name/ParaVision/exp/lists/wave/P10jm.exc
##JCAMP-DX= 5.00 Bruker JCAMP library
##DATA TYPE= Shape Data
##ORIGIN= Bruker Analytik GmbH
##OWNER= <starcuk>
##DATE= 04/08/21
##TIME= 00:00:00
##MINX= 0.000000e+00
##MAXX= 1.000000e+02
##MINY= 0.000000e+00
##MAXY= 0.000000e+00
##$SHAPE_EXMODE= Excitation
##$SHAPE_TOTROT= 9.000000e+01
##$SHAPE_BWFAC= 6.770000e+00
##$SHAPE_INTEGFAC= 1.500000e-01
##$SHAPE_REPHFAC=18
##$SHAPE_TYPE=conventional
##$SHAPE_MODE= 0
##NPOINTS= 256
##XYPOINTS= (XY..XY)
1.955034e-01, 0.000000e+00
1.955034e-01, 0.000000e+00
2.932551e-01, 0.000000e+00
2.932551e-01, 0.000000e+00
2.932551e-01, 0.000000e+00
3.910068e-01, 0.000000e+00
3.910068e-01, 0.000000e+00
4.887586e-01, 0.000000e+00
4.887586e-01, 0.000000e+00
4.887586e-01, 0.000000e+00
5.865103e-01, 0.000000e+00
5.865103e-01, 0.000000e+00
6.842620e-01, 0.000000e+00
6.842620e-01, 0.000000e+00
6.842620e-01, 0.000000e+00
7.820137e-01, 0.000000e+00
7.820137e-01, 0.000000e+00
7.820137e-01, 0.000000e+00
7.820137e-01, 0.000000e+00
8.797654e-01, 0.000000e+00
8.797654e-01, 0.000000e+00
8.797654e-01, 0.000000e+00
8.797654e-01, 0.000000e+00
8.797654e-01, 0.000000e+00
8.797654e-01, 0.000000e+00
8.797654e-01, 0.000000e+00
8.797654e-01, 0.000000e+00
7.820137e-01, 0.000000e+00
7.820137e-01, 0.000000e+00
7.820137e-01, 0.000000e+00
6.842620e-01, 0.000000e+00
6.842620e-01, 0.000000e+00
5.865103e-01, 0.000000e+00
4.887586e-01, 0.000000e+00
4.887586e-01, 0.000000e+00
3.910068e-01, 0.000000e+00
2.932551e-01, 0.000000e+00
1.955034e-01, 0.000000e+00
9.775171e-02, 0.000000e+00
0.000000e+00, 1.800000e+02
1.955034e-01, 1.800000e+02
2.932551e-01, 1.800000e+02
3.910068e-01, 1.800000e+02
5.865103e-01, 1.800000e+02
6.842620e-01, 1.800000e+02
8.797654e-01, 1.800000e+02
9.775171e-01, 1.800000e+02
1.173021e+00, 1.800000e+02
1.368524e+00, 1.800000e+02
1.466276e+00, 1.800000e+02
1.661779e+00, 1.800000e+02
1.857283e+00, 1.800000e+02
2.052786e+00, 1.800000e+02
2.150538e+00, 1.800000e+02
2.346041e+00, 1.800000e+02
2.443793e+00, 1.800000e+02
2.639296e+00, 1.800000e+02
2.834800e+00, 1.800000e+02
2.932551e+00, 1.800000e+02
3.030303e+00, 1.800000e+02
3.128055e+00, 1.800000e+02
3.323558e+00, 1.800000e+02
3.323558e+00, 1.800000e+02
3.421310e+00, 1.800000e+02
3.519062e+00, 1.800000e+02
3.519062e+00, 1.800000e+02
3.616813e+00, 1.800000e+02
3.616813e+00, 1.800000e+02
3.519062e+00, 1.800000e+02
3.519062e+00, 1.800000e+02
3.421310e+00, 1.800000e+02
3.323558e+00, 1.800000e+02
3.225806e+00, 1.800000e+02
3.128055e+00, 1.800000e+02
2.932551e+00, 1.800000e+02
2.737048e+00, 1.800000e+02
2.541544e+00, 1.800000e+02
2.248289e+00, 1.800000e+02
1.955034e+00, 1.800000e+02
1.661779e+00, 1.800000e+02
1.368524e+00, 1.800000e+02
9.775171e-01, 1.800000e+02
5.865103e-01, 1.800000e+02
1.955034e-01, 1.800000e+02
1.955034e-01, 0.000000e+00
6.842620e-01, 0.000000e+00
1.173021e+00, 0.000000e+00
1.661779e+00, 0.000000e+00
2.150538e+00, 0.000000e+00
2.639296e+00, 0.000000e+00
3.128055e+00, 0.000000e+00
3.714565e+00, 0.000000e+00
4.301075e+00, 0.000000e+00
4.789834e+00, 0.000000e+00
5.376344e+00, 0.000000e+00
5.962854e+00, 0.000000e+00
6.451613e+00, 0.000000e+00
7.038123e+00, 0.000000e+00
7.526882e+00, 0.000000e+00
8.015640e+00, 0.000000e+00
8.504399e+00, 0.000000e+00
8.993157e+00, 0.000000e+00
9.481916e+00, 0.000000e+00
9.872923e+00, 0.000000e+00
1.026393e+01, 0.000000e+00
1.055718e+01, 0.000000e+00
1.085044e+01, 0.000000e+00
1.104594e+01, 0.000000e+00
1.124145e+01, 0.000000e+00
1.143695e+01, 0.000000e+00
1.153470e+01, 0.000000e+00
1.153470e+01, 0.000000e+00
1.153470e+01, 0.000000e+00
1.133920e+01, 0.000000e+00
1.124145e+01, 0.000000e+00
1.094819e+01, 0.000000e+00
1.065494e+01, 0.000000e+00
1.026393e+01, 0.000000e+00
9.775171e+00, 0.000000e+00
9.286413e+00, 0.000000e+00
8.602151e+00, 0.000000e+00
7.917889e+00, 0.000000e+00
7.135875e+00, 0.000000e+00
6.256109e+00, 0.000000e+00
5.376344e+00, 0.000000e+00
4.398827e+00, 0.000000e+00
3.323558e+00, 0.000000e+00
2.150538e+00, 0.000000e+00
9.775171e-01, 0.000000e+00
2.932551e-01, 1.800000e+02
1.661779e+00, 1.800000e+02
3.030303e+00, 1.800000e+02
4.398827e+00, 1.800000e+02
5.865103e+00, 1.800000e+02
7.331378e+00, 1.800000e+02
8.797654e+00, 1.800000e+02
1.036168e+01, 1.800000e+02
1.192571e+01, 1.800000e+02
1.339198e+01, 1.800000e+02
1.495601e+01, 1.800000e+02
1.652004e+01, 1.800000e+02
1.798631e+01, 1.800000e+02
1.945259e+01, 1.800000e+02
2.082111e+01, 1.800000e+02
2.218964e+01, 1.800000e+02
2.355816e+01, 1.800000e+02
2.473118e+01, 1.800000e+02
2.590420e+01, 1.800000e+02
2.697947e+01, 1.800000e+02
2.795699e+01, 1.800000e+02
2.873900e+01, 1.800000e+02
2.952102e+01, 1.800000e+02
3.010753e+01, 1.800000e+02
3.059629e+01, 1.800000e+02
3.088954e+01, 1.800000e+02
3.108504e+01, 1.800000e+02
3.108504e+01, 1.800000e+02
3.088954e+01, 1.800000e+02
3.059629e+01, 1.800000e+02
3.010753e+01, 1.800000e+02
2.942326e+01, 1.800000e+02
2.854350e+01, 1.800000e+02
2.746823e+01, 1.800000e+02
2.629521e+01, 1.800000e+02
2.482893e+01, 1.800000e+02
2.316716e+01, 1.800000e+02
2.140762e+01, 1.800000e+02
1.935484e+01, 1.800000e+02
1.720430e+01, 1.800000e+02
1.485826e+01, 1.800000e+02
1.231672e+01, 1.800000e+02
9.579668e+00, 1.800000e+02
6.744868e+00, 1.800000e+02
3.714565e+00, 1.800000e+02
4.887586e-01, 1.800000e+02
2.737048e+00, 0.000000e+00
6.256109e+00, 0.000000e+00
9.775171e+00, 0.000000e+00
1.348974e+01, 0.000000e+00
1.720430e+01, 0.000000e+00
2.101662e+01, 0.000000e+00
2.492669e+01, 0.000000e+00
2.893451e+01, 0.000000e+00
3.284457e+01, 0.000000e+00
3.685239e+01, 0.000000e+00
4.086022e+01, 0.000000e+00
4.486804e+01, 0.000000e+00
4.887586e+01, 0.000000e+00
5.278592e+01, 0.000000e+00
5.659824e+01, 0.000000e+00
6.041056e+01, 0.000000e+00
6.402737e+01, 0.000000e+00
6.764418e+01, 0.000000e+00
7.106549e+01, 0.000000e+00
7.438905e+01, 0.000000e+00
7.751711e+01, 0.000000e+00
8.054741e+01, 0.000000e+00
8.338221e+01, 0.000000e+00
8.592375e+01, 0.000000e+00
8.836755e+01, 0.000000e+00
9.061584e+01, 0.000000e+00
9.257087e+01, 0.000000e+00
9.433040e+01, 0.000000e+00
9.589443e+01, 0.000000e+00
9.716520e+01, 0.000000e+00
9.824047e+01, 0.000000e+00
9.902248e+01, 0.000000e+00
9.960899e+01, 0.000000e+00
9.990225e+01, 0.000000e+00
1.000000e+02, 0.000000e+00
9.980450e+01, 0.000000e+00
9.941349e+01, 0.000000e+00
9.872923e+01, 0.000000e+00
9.784946e+01, 0.000000e+00
9.667644e+01, 0.000000e+00
9.530792e+01, 0.000000e+00
9.374389e+01, 0.000000e+00
9.198436e+01, 0.000000e+00
9.002933e+01, 0.000000e+00
8.778104e+01, 0.000000e+00
8.553275e+01, 0.000000e+00
8.299120e+01, 0.000000e+00
8.035191e+01, 0.000000e+00
7.751711e+01, 0.000000e+00
7.458456e+01, 0.000000e+00
7.155425e+01, 0.000000e+00
6.842620e+01, 0.000000e+00
6.520039e+01, 0.000000e+00
6.197458e+01, 0.000000e+00
5.865103e+01, 0.000000e+00
5.522972e+01, 0.000000e+00
5.180841e+01, 0.000000e+00
4.838710e+01, 0.000000e+00
4.496579e+01, 0.000000e+00
4.164223e+01, 0.000000e+00
3.958944e+01, 0.000000e+00
3.743891e+01, 0.000000e+00
3.528837e+01, 0.000000e+00
3.313783e+01, 0.000000e+00
3.088954e+01, 0.000000e+00
2.873900e+01, 0.000000e+00
2.649071e+01, 0.000000e+00
2.434018e+01, 0.000000e+00
2.209189e+01, 0.000000e+00
1.994135e+01, 0.000000e+00
1.779081e+01, 0.000000e+00
1.573803e+01, 0.000000e+00
1.368524e+01, 0.000000e+00
1.173021e+01, 0.000000e+00
9.775171e+00, 0.000000e+00
8.015640e+00, 0.000000e+00
6.256109e+00, 0.000000e+00
4.496579e+00, 0.000000e+00
2.932551e+00, 0.000000e+00
1.368524e+00, 0.000000e+00
0.000000e+00, 0.000000e+00
##END=
