##TITLE= /camelot/PV.2.0.24/exp/stan/nmr/lists/wave/sech
##JCAMP-DX= 5.00 Bruker JCAMP library
##DATA TYPE= Shape Data
##ORIGIN= Bruker Analytik GmbH
##OWNER= <dwe>
##DATE= 98/07/03
##TIME= 12:03:15
##MINX= 1.005141e+00
##MAXX= 1.000000e+02
##MINY= 1.571221e-01
##MAXY= 3.599991e+02
##$SHAPE_EXMODE= Adiabatic
##$SHAPE_TOTROT= 9.000000e+01
##$SHAPE_BWFAC= 20.250000e+00
##$SHAPE_INTEGFAC= 1.064278e-01
##$SHAPE_REPHFAC=50
##$SHAPE_TYPE=Excitation
##$SHAPE_MODE= 0
##NPOINTS= 2048
##XYPOINTS= (XY..XY)
1.005141e+00, 1.221846e+02
1.010357e+00, 1.236676e+02
1.015601e+00, 1.251505e+02
1.020872e+00, 1.266334e+02
1.026170e+00, 1.281164e+02
1.031496e+00, 1.295993e+02
1.036849e+00, 1.310822e+02
1.042230e+00, 1.325652e+02
1.047639e+00, 1.340481e+02
1.053077e+00, 1.355310e+02
1.058542e+00, 1.370140e+02
1.064036e+00, 1.384969e+02
1.069558e+00, 1.399798e+02
1.075109e+00, 1.414628e+02
1.080688e+00, 1.429457e+02
1.086297e+00, 1.444286e+02
1.091935e+00, 1.459115e+02
1.097602e+00, 1.473944e+02
1.103298e+00, 1.488774e+02
1.109024e+00, 1.503603e+02
1.114780e+00, 1.518432e+02
1.120565e+00, 1.533261e+02
1.126381e+00, 1.548090e+02
1.132227e+00, 1.562919e+02
1.138103e+00, 1.577749e+02
1.144009e+00, 1.592578e+02
1.149947e+00, 1.607407e+02
1.155915e+00, 1.622236e+02
1.161914e+00, 1.637065e+02
1.167944e+00, 1.651894e+02
1.174005e+00, 1.666723e+02
1.180098e+00, 1.681552e+02
1.186222e+00, 1.696381e+02
1.192379e+00, 1.711210e+02
1.198567e+00, 1.726039e+02
1.204787e+00, 1.740868e+02
1.211040e+00, 1.755697e+02
1.217325e+00, 1.770526e+02
1.223642e+00, 1.785355e+02
1.229993e+00, 1.800184e+02
1.236376e+00, 1.815013e+02
1.242792e+00, 1.829842e+02
1.249242e+00, 1.844671e+02
1.255725e+00, 1.859500e+02
1.262242e+00, 1.874329e+02
1.268793e+00, 1.889158e+02
1.275377e+00, 1.903987e+02
1.281996e+00, 1.918816e+02
1.288649e+00, 1.933644e+02
1.295337e+00, 1.948473e+02
1.302059e+00, 1.963302e+02
1.308816e+00, 1.978131e+02
1.315608e+00, 1.992960e+02
1.322436e+00, 2.007789e+02
1.329299e+00, 2.022617e+02
1.336197e+00, 2.037446e+02
1.343132e+00, 2.052275e+02
1.350102e+00, 2.067103e+02
1.357108e+00, 2.081932e+02
1.364151e+00, 2.096761e+02
1.371230e+00, 2.111590e+02
1.378347e+00, 2.126418e+02
1.385500e+00, 2.141247e+02
1.392690e+00, 2.156076e+02
1.399917e+00, 2.170904e+02
1.407182e+00, 2.185733e+02
1.414485e+00, 2.200562e+02
1.421825e+00, 2.215390e+02
1.429204e+00, 2.230219e+02
1.436620e+00, 2.245047e+02
1.444076e+00, 2.259876e+02
1.451570e+00, 2.274705e+02
1.459103e+00, 2.289533e+02
1.466675e+00, 2.304362e+02
1.474286e+00, 2.319191e+02
1.481937e+00, 2.334019e+02
1.489627e+00, 2.348847e+02
1.497357e+00, 2.363676e+02
1.505128e+00, 2.378504e+02
1.512938e+00, 2.393333e+02
1.520790e+00, 2.408161e+02
1.528682e+00, 2.422990e+02
1.536615e+00, 2.437818e+02
1.544589e+00, 2.452647e+02
1.552605e+00, 2.467475e+02
1.560662e+00, 2.482303e+02
1.568761e+00, 2.497132e+02
1.576902e+00, 2.511960e+02
1.585085e+00, 2.526788e+02
1.593310e+00, 2.541617e+02
1.601579e+00, 2.556445e+02
1.609890e+00, 2.571273e+02
1.618244e+00, 2.586101e+02
1.626642e+00, 2.600930e+02
1.635083e+00, 2.615758e+02
1.643569e+00, 2.630586e+02
1.652097e+00, 2.645414e+02
1.660671e+00, 2.660242e+02
1.669289e+00, 2.675070e+02
1.677951e+00, 2.689898e+02
1.686659e+00, 2.704727e+02
1.695412e+00, 2.719554e+02
1.704210e+00, 2.734383e+02
1.713053e+00, 2.749211e+02
1.721943e+00, 2.764038e+02
1.730879e+00, 2.778867e+02
1.739861e+00, 2.793694e+02
1.748890e+00, 2.808522e+02
1.757965e+00, 2.823350e+02
1.767088e+00, 2.838178e+02
1.776258e+00, 2.853006e+02
1.785476e+00, 2.867834e+02
1.794741e+00, 2.882662e+02
1.804055e+00, 2.897489e+02
1.813416e+00, 2.912317e+02
1.822827e+00, 2.927145e+02
1.832286e+00, 2.941973e+02
1.841794e+00, 2.956800e+02
1.851352e+00, 2.971628e+02
1.860959e+00, 2.986455e+02
1.870616e+00, 3.001283e+02
1.880323e+00, 3.016111e+02
1.890081e+00, 3.030938e+02
1.899889e+00, 3.045765e+02
1.909748e+00, 3.060593e+02
1.919658e+00, 3.075420e+02
1.929620e+00, 3.090248e+02
1.939633e+00, 3.105075e+02
1.949698e+00, 3.119902e+02
1.959815e+00, 3.134730e+02
1.969985e+00, 3.149557e+02
1.980208e+00, 3.164384e+02
1.990484e+00, 3.179211e+02
2.000813e+00, 3.194038e+02
2.011195e+00, 3.208866e+02
2.021631e+00, 3.223693e+02
2.032122e+00, 3.238520e+02
2.042667e+00, 3.253347e+02
2.053266e+00, 3.268174e+02
2.063921e+00, 3.283001e+02
2.074631e+00, 3.297828e+02
2.085396e+00, 3.312655e+02
2.096217e+00, 3.327482e+02
2.107095e+00, 3.342308e+02
2.118028e+00, 3.357135e+02
2.129019e+00, 3.371962e+02
2.140066e+00, 3.386789e+02
2.151171e+00, 3.401615e+02
2.162333e+00, 3.416442e+02
2.173554e+00, 3.431269e+02
2.184832e+00, 3.446095e+02
2.196169e+00, 3.460922e+02
2.207565e+00, 3.475748e+02
2.219019e+00, 3.490574e+02
2.230533e+00, 3.505401e+02
2.242107e+00, 3.520227e+02
2.253741e+00, 3.535053e+02
2.265435e+00, 3.549880e+02
2.277190e+00, 3.564706e+02
2.289006e+00, 3.579532e+02
2.300883e+00, 3.594358e+02
2.312822e+00, 9.184622e-01
2.324822e+00, 2.401071e+00
2.336885e+00, 3.883675e+00
2.349010e+00, 5.366276e+00
2.361199e+00, 6.848872e+00
2.373450e+00, 8.331465e+00
2.385765e+00, 9.814052e+00
2.398144e+00, 1.129664e+01
2.410587e+00, 1.277922e+01
2.423094e+00, 1.426179e+01
2.435667e+00, 1.574436e+01
2.448304e+00, 1.722693e+01
2.461007e+00, 1.870949e+01
2.473776e+00, 2.019204e+01
2.486611e+00, 2.167460e+01
2.499513e+00, 2.315715e+01
2.512481e+00, 2.463969e+01
2.525517e+00, 2.612223e+01
2.538620e+00, 2.760476e+01
2.551791e+00, 2.908729e+01
2.565031e+00, 3.056982e+01
2.578339e+00, 3.205234e+01
2.591717e+00, 3.353485e+01
2.605163e+00, 3.501736e+01
2.618679e+00, 3.649986e+01
2.632265e+00, 3.798236e+01
2.645922e+00, 3.946486e+01
2.659650e+00, 4.094735e+01
2.673448e+00, 4.242984e+01
2.687319e+00, 4.391231e+01
2.701261e+00, 4.539479e+01
2.715276e+00, 4.687725e+01
2.729362e+00, 4.835972e+01
2.743523e+00, 4.984217e+01
2.757756e+00, 5.132463e+01
2.772064e+00, 5.280708e+01
2.786445e+00, 5.428952e+01
2.800901e+00, 5.577195e+01
2.815432e+00, 5.725438e+01
2.830039e+00, 5.873680e+01
2.844721e+00, 6.021922e+01
2.859479e+00, 6.170163e+01
2.874314e+00, 6.318404e+01
2.889225e+00, 6.466644e+01
2.904214e+00, 6.614883e+01
2.919281e+00, 6.763122e+01
2.934425e+00, 6.911360e+01
2.949649e+00, 7.059598e+01
2.964951e+00, 7.207835e+01
2.980332e+00, 7.356071e+01
2.995793e+00, 7.504306e+01
3.011335e+00, 7.652541e+01
3.026957e+00, 7.800774e+01
3.042659e+00, 7.949008e+01
3.058444e+00, 8.097241e+01
3.074310e+00, 8.245473e+01
3.090258e+00, 8.393704e+01
3.106289e+00, 8.541935e+01
3.122403e+00, 8.690164e+01
3.138601e+00, 8.838394e+01
3.154882e+00, 8.986622e+01
3.171249e+00, 9.134850e+01
3.187699e+00, 9.283076e+01
3.204236e+00, 9.431302e+01
3.220857e+00, 9.579527e+01
3.237565e+00, 9.727751e+01
3.254360e+00, 9.875976e+01
3.271241e+00, 1.002420e+02
3.288210e+00, 1.017242e+02
3.305268e+00, 1.032064e+02
3.322413e+00, 1.046886e+02
3.339647e+00, 1.061708e+02
3.356971e+00, 1.076530e+02
3.374384e+00, 1.091352e+02
3.391887e+00, 1.106173e+02
3.409482e+00, 1.120995e+02
3.427167e+00, 1.135816e+02
3.444944e+00, 1.150638e+02
3.462813e+00, 1.165459e+02
3.480775e+00, 1.180280e+02
3.498830e+00, 1.195102e+02
3.516979e+00, 1.209922e+02
3.535221e+00, 1.224743e+02
3.553558e+00, 1.239564e+02
3.571990e+00, 1.254385e+02
3.590517e+00, 1.269206e+02
3.609141e+00, 1.284026e+02
3.627861e+00, 1.298847e+02
3.646677e+00, 1.313667e+02
3.665591e+00, 1.328487e+02
3.684604e+00, 1.343307e+02
3.703715e+00, 1.358127e+02
3.722924e+00, 1.372947e+02
3.742233e+00, 1.387767e+02
3.761643e+00, 1.402587e+02
3.781152e+00, 1.417406e+02
3.800763e+00, 1.432226e+02
3.820475e+00, 1.447045e+02
3.840290e+00, 1.461864e+02
3.860207e+00, 1.476683e+02
3.880227e+00, 1.491502e+02
3.900351e+00, 1.506321e+02
3.920579e+00, 1.521140e+02
3.940912e+00, 1.535958e+02
3.961350e+00, 1.550777e+02
3.981894e+00, 1.565595e+02
4.002543e+00, 1.580414e+02
4.023301e+00, 1.595232e+02
4.044166e+00, 1.610050e+02
4.065138e+00, 1.624868e+02
4.086219e+00, 1.639686e+02
4.107409e+00, 1.654503e+02
4.128709e+00, 1.669321e+02
4.150119e+00, 1.684138e+02
4.171640e+00, 1.698955e+02
4.193273e+00, 1.713772e+02
4.215017e+00, 1.728589e+02
4.236875e+00, 1.743406e+02
4.258844e+00, 1.758223e+02
4.280928e+00, 1.773039e+02
4.303126e+00, 1.787856e+02
4.325439e+00, 1.802672e+02
4.347867e+00, 1.817488e+02
4.370411e+00, 1.832304e+02
4.393073e+00, 1.847120e+02
4.415851e+00, 1.861936e+02
4.438747e+00, 1.876751e+02
4.461761e+00, 1.891566e+02
4.484895e+00, 1.906382e+02
4.508149e+00, 1.921197e+02
4.531522e+00, 1.936012e+02
4.555017e+00, 1.950827e+02
4.578633e+00, 1.965641e+02
4.602371e+00, 1.980456e+02
4.626232e+00, 1.995270e+02
4.650217e+00, 2.010084e+02
4.674325e+00, 2.024898e+02
4.698558e+00, 2.039712e+02
4.722917e+00, 2.054525e+02
4.747402e+00, 2.069339e+02
4.772013e+00, 2.084152e+02
4.796751e+00, 2.098965e+02
4.821618e+00, 2.113778e+02
4.846613e+00, 2.128591e+02
4.871737e+00, 2.143404e+02
4.896991e+00, 2.158216e+02
4.922376e+00, 2.173028e+02
4.947893e+00, 2.187840e+02
4.973540e+00, 2.202652e+02
4.999321e+00, 2.217464e+02
5.025235e+00, 2.232275e+02
5.051283e+00, 2.247087e+02
5.077465e+00, 2.261898e+02
5.103783e+00, 2.276709e+02
5.130237e+00, 2.291519e+02
5.156828e+00, 2.306330e+02
5.183556e+00, 2.321140e+02
5.210423e+00, 2.335950e+02
5.237428e+00, 2.350760e+02
5.264573e+00, 2.365570e+02
5.291858e+00, 2.380379e+02
5.319283e+00, 2.395189e+02
5.346851e+00, 2.409998e+02
5.374562e+00, 2.424806e+02
5.402416e+00, 2.439615e+02
5.430413e+00, 2.454423e+02
5.458555e+00, 2.469231e+02
5.486843e+00, 2.484039e+02
5.515277e+00, 2.498847e+02
5.543858e+00, 2.513655e+02
5.572586e+00, 2.528462e+02
5.601463e+00, 2.543269e+02
5.630488e+00, 2.558076e+02
5.659665e+00, 2.572882e+02
5.688991e+00, 2.587689e+02
5.718469e+00, 2.602495e+02
5.748099e+00, 2.617300e+02
5.777883e+00, 2.632106e+02
5.807820e+00, 2.646911e+02
5.837912e+00, 2.661716e+02
5.868159e+00, 2.676521e+02
5.898563e+00, 2.691325e+02
5.929123e+00, 2.706129e+02
5.959842e+00, 2.720934e+02
5.990719e+00, 2.735737e+02
6.021755e+00, 2.750540e+02
6.052951e+00, 2.765344e+02
6.084309e+00, 2.780146e+02
6.115829e+00, 2.794949e+02
6.147511e+00, 2.809751e+02
6.179357e+00, 2.824553e+02
6.211367e+00, 2.839355e+02
6.243541e+00, 2.854156e+02
6.275883e+00, 2.868957e+02
6.308391e+00, 2.883758e+02
6.341067e+00, 2.898559e+02
6.373911e+00, 2.913359e+02
6.406925e+00, 2.928159e+02
6.440110e+00, 2.942958e+02
6.473464e+00, 2.957757e+02
6.506992e+00, 2.972556e+02
6.540693e+00, 2.987355e+02
6.574567e+00, 3.002153e+02
6.608616e+00, 3.016951e+02
6.642840e+00, 3.031749e+02
6.677241e+00, 3.046546e+02
6.711819e+00, 3.061343e+02
6.746575e+00, 3.076139e+02
6.781511e+00, 3.090935e+02
6.816627e+00, 3.105731e+02
6.851923e+00, 3.120526e+02
6.887403e+00, 3.135322e+02
6.923064e+00, 3.150117e+02
6.958909e+00, 3.164911e+02
6.994939e+00, 3.179705e+02
7.031155e+00, 3.194498e+02
7.067556e+00, 3.209292e+02
7.104146e+00, 3.224084e+02
7.140924e+00, 3.238877e+02
7.177892e+00, 3.253669e+02
7.215049e+00, 3.268460e+02
7.252398e+00, 3.283252e+02
7.289940e+00, 3.298043e+02
7.327674e+00, 3.312833e+02
7.365603e+00, 3.327623e+02
7.403727e+00, 3.342413e+02
7.442048e+00, 3.357202e+02
7.480566e+00, 3.371991e+02
7.519281e+00, 3.386779e+02
7.558197e+00, 3.401567e+02
7.597311e+00, 3.416354e+02
7.636628e+00, 3.431141e+02
7.676146e+00, 3.445928e+02
7.715869e+00, 3.460714e+02
7.755795e+00, 3.475500e+02
7.795926e+00, 3.490285e+02
7.836265e+00, 3.505070e+02
7.876810e+00, 3.519854e+02
7.917563e+00, 3.534638e+02
7.958527e+00, 3.549421e+02
7.999701e+00, 3.564203e+02
8.041085e+00, 3.578986e+02
8.082684e+00, 3.593768e+02
8.124495e+00, 8.548999e-01
8.166522e+00, 2.332979e+00
8.208764e+00, 3.811007e+00
8.251224e+00, 5.288984e+00
8.293901e+00, 6.766908e+00
8.336798e+00, 8.244781e+00
8.379914e+00, 9.722600e+00
8.423252e+00, 1.120036e+01
8.466813e+00, 1.267807e+01
8.510598e+00, 1.415573e+01
8.554606e+00, 1.563333e+01
8.598842e+00, 1.711087e+01
8.643304e+00, 1.858836e+01
8.687995e+00, 2.006579e+01
8.732913e+00, 2.154316e+01
8.778063e+00, 2.302048e+01
8.823444e+00, 2.449773e+01
8.869059e+00, 2.597493e+01
8.914906e+00, 2.745206e+01
8.960989e+00, 2.892914e+01
9.007309e+00, 3.040615e+01
9.053865e+00, 3.188310e+01
9.100660e+00, 3.335999e+01
9.147696e+00, 3.483681e+01
9.194972e+00, 3.631357e+01
9.242492e+00, 3.779026e+01
9.290253e+00, 3.926690e+01
9.338260e+00, 4.074346e+01
9.386512e+00, 4.221996e+01
9.435011e+00, 4.369639e+01
9.483758e+00, 4.517275e+01
9.532757e+00, 4.664905e+01
9.582005e+00, 4.812527e+01
9.631504e+00, 4.960143e+01
9.681257e+00, 5.107751e+01
9.731266e+00, 5.255352e+01
9.781529e+00, 5.402946e+01
9.832051e+00, 5.550533e+01
9.882830e+00, 5.698112e+01
9.933870e+00, 5.845683e+01
9.985169e+00, 5.993248e+01
1.003673e+01, 6.140804e+01
1.008856e+01, 6.288353e+01
1.014065e+01, 6.435894e+01
1.019301e+01, 6.583427e+01
1.024563e+01, 6.730952e+01
1.029852e+01, 6.878470e+01
1.035169e+01, 7.025979e+01
1.040512e+01, 7.173479e+01
1.045883e+01, 7.320972e+01
1.051281e+01, 7.468456e+01
1.056707e+01, 7.615932e+01
1.062160e+01, 7.763399e+01
1.067642e+01, 7.910857e+01
1.073151e+01, 8.058306e+01
1.078688e+01, 8.205748e+01
1.084254e+01, 8.353179e+01
1.089848e+01, 8.500602e+01
1.095470e+01, 8.648016e+01
1.101121e+01, 8.795420e+01
1.106801e+01, 8.942816e+01
1.112510e+01, 9.090202e+01
1.118248e+01, 9.237578e+01
1.124015e+01, 9.384945e+01
1.129812e+01, 9.532301e+01
1.135638e+01, 9.679649e+01
1.141494e+01, 9.826987e+01
1.147379e+01, 9.974314e+01
1.153294e+01, 1.012163e+02
1.159240e+01, 1.026894e+02
1.165216e+01, 1.041623e+02
1.171222e+01, 1.056352e+02
1.177258e+01, 1.071080e+02
1.183326e+01, 1.085806e+02
1.189424e+01, 1.100532e+02
1.195553e+01, 1.115256e+02
1.201713e+01, 1.129979e+02
1.207905e+01, 1.144701e+02
1.214128e+01, 1.159422e+02
1.220382e+01, 1.174142e+02
1.226669e+01, 1.188861e+02
1.232987e+01, 1.203578e+02
1.239337e+01, 1.218295e+02
1.245720e+01, 1.233010e+02
1.252134e+01, 1.247724e+02
1.258582e+01, 1.262437e+02
1.265062e+01, 1.277149e+02
1.271574e+01, 1.291859e+02
1.278120e+01, 1.306568e+02
1.284699e+01, 1.321276e+02
1.291311e+01, 1.335983e+02
1.297957e+01, 1.350688e+02
1.304636e+01, 1.365392e+02
1.311349e+01, 1.380095e+02
1.318096e+01, 1.394796e+02
1.324877e+01, 1.409496e+02
1.331692e+01, 1.424195e+02
1.338542e+01, 1.438892e+02
1.345426e+01, 1.453588e+02
1.352345e+01, 1.468283e+02
1.359299e+01, 1.482976e+02
1.366288e+01, 1.497668e+02
1.373313e+01, 1.512358e+02
1.380372e+01, 1.527047e+02
1.387468e+01, 1.541734e+02
1.394598e+01, 1.556420e+02
1.401766e+01, 1.571104e+02
1.408968e+01, 1.585787e+02
1.416208e+01, 1.600469e+02
1.423483e+01, 1.615149e+02
1.430796e+01, 1.629827e+02
1.438145e+01, 1.644503e+02
1.445531e+01, 1.659179e+02
1.452954e+01, 1.673852e+02
1.460414e+01, 1.688524e+02
1.467912e+01, 1.703194e+02
1.475448e+01, 1.717863e+02
1.483021e+01, 1.732530e+02
1.490632e+01, 1.747195e+02
1.498282e+01, 1.761859e+02
1.505970e+01, 1.776520e+02
1.513696e+01, 1.791181e+02
1.521461e+01, 1.805839e+02
1.529265e+01, 1.820495e+02
1.537108e+01, 1.835150e+02
1.544990e+01, 1.849803e+02
1.552912e+01, 1.864454e+02
1.560873e+01, 1.879103e+02
1.568874e+01, 1.893751e+02
1.576915e+01, 1.908396e+02
1.584996e+01, 1.923040e+02
1.593117e+01, 1.937681e+02
1.601279e+01, 1.952321e+02
1.609482e+01, 1.966959e+02
1.617726e+01, 1.981595e+02
1.626010e+01, 1.996228e+02
1.634336e+01, 2.010860e+02
1.642704e+01, 2.025490e+02
1.651113e+01, 2.040117e+02
1.659563e+01, 2.054743e+02
1.668056e+01, 2.069366e+02
1.676591e+01, 2.083988e+02
1.685169e+01, 2.098607e+02
1.693789e+01, 2.113224e+02
1.702452e+01, 2.127838e+02
1.711157e+01, 2.142451e+02
1.719906e+01, 2.157061e+02
1.728699e+01, 2.171669e+02
1.737534e+01, 2.186275e+02
1.746414e+01, 2.200878e+02
1.755338e+01, 2.215479e+02
1.764305e+01, 2.230078e+02
1.773318e+01, 2.244674e+02
1.782374e+01, 2.259268e+02
1.791475e+01, 2.273859e+02
1.800621e+01, 2.288448e+02
1.809813e+01, 2.303035e+02
1.819049e+01, 2.317619e+02
1.828332e+01, 2.332200e+02
1.837660e+01, 2.346779e+02
1.847034e+01, 2.361355e+02
1.856454e+01, 2.375929e+02
1.865920e+01, 2.390500e+02
1.875433e+01, 2.405068e+02
1.884992e+01, 2.419634e+02
1.894598e+01, 2.434197e+02
1.904252e+01, 2.448757e+02
1.913953e+01, 2.463315e+02
1.923701e+01, 2.477869e+02
1.933498e+01, 2.492421e+02
1.943342e+01, 2.506970e+02
1.953234e+01, 2.521516e+02
1.963175e+01, 2.536059e+02
1.973164e+01, 2.550599e+02
1.983202e+01, 2.565136e+02
1.993289e+01, 2.579670e+02
2.003425e+01, 2.594201e+02
2.013611e+01, 2.608729e+02
2.023846e+01, 2.623254e+02
2.034130e+01, 2.637776e+02
2.044466e+01, 2.652294e+02
2.054851e+01, 2.666809e+02
2.065286e+01, 2.681322e+02
2.075772e+01, 2.695830e+02
2.086309e+01, 2.710336e+02
2.096897e+01, 2.724838e+02
2.107537e+01, 2.739337e+02
2.118227e+01, 2.753832e+02
2.128970e+01, 2.768324e+02
2.139764e+01, 2.782812e+02
2.150611e+01, 2.797297e+02
2.161510e+01, 2.811779e+02
2.172461e+01, 2.826257e+02
2.183465e+01, 2.840731e+02
2.194522e+01, 2.855201e+02
2.205632e+01, 2.869668e+02
2.216796e+01, 2.884131e+02
2.228013e+01, 2.898590e+02
2.239284e+01, 2.913046e+02
2.250608e+01, 2.927498e+02
2.261988e+01, 2.941945e+02
2.273421e+01, 2.956389e+02
2.284909e+01, 2.970829e+02
2.296452e+01, 2.985265e+02
2.308050e+01, 2.999696e+02
2.319703e+01, 3.014124e+02
2.331412e+01, 3.028548e+02
2.343177e+01, 3.042967e+02
2.354997e+01, 3.057382e+02
2.366874e+01, 3.071793e+02
2.378806e+01, 3.086200e+02
2.390796e+01, 3.100602e+02
2.402842e+01, 3.115000e+02
2.414945e+01, 3.129393e+02
2.427105e+01, 3.143782e+02
2.439323e+01, 3.158167e+02
2.451598e+01, 3.172546e+02
2.463931e+01, 3.186922e+02
2.476322e+01, 3.201292e+02
2.488771e+01, 3.215658e+02
2.501279e+01, 3.230019e+02
2.513845e+01, 3.244376e+02
2.526470e+01, 3.258727e+02
2.539155e+01, 3.273074e+02
2.551898e+01, 3.287415e+02
2.564701e+01, 3.301752e+02
2.577564e+01, 3.316083e+02
2.590486e+01, 3.330410e+02
2.603469e+01, 3.344731e+02
2.616512e+01, 3.359047e+02
2.629615e+01, 3.373358e+02
2.642779e+01, 3.387664e+02
2.656004e+01, 3.401964e+02
2.669291e+01, 3.416258e+02
2.682639e+01, 3.430547e+02
2.696047e+01, 3.444831e+02
2.709518e+01, 3.459109e+02
2.723051e+01, 3.473382e+02
2.736646e+01, 3.487649e+02
2.750303e+01, 3.501909e+02
2.764023e+01, 3.516165e+02
2.777806e+01, 3.530414e+02
2.791651e+01, 3.544658e+02
2.805560e+01, 3.558895e+02
2.819532e+01, 3.573127e+02
2.833567e+01, 3.587352e+02
2.847666e+01, 1.571221e-01
2.861830e+01, 1.578417e+00
2.876057e+01, 2.999083e+00
2.890348e+01, 4.419113e+00
2.904704e+01, 5.838502e+00
2.919125e+01, 7.257244e+00
2.933611e+01, 8.675331e+00
2.948162e+01, 1.009276e+01
2.962778e+01, 1.150952e+01
2.977459e+01, 1.292560e+01
2.992206e+01, 1.434101e+01
3.007019e+01, 1.575573e+01
3.021898e+01, 1.716975e+01
3.036843e+01, 1.858308e+01
3.051854e+01, 1.999569e+01
3.066932e+01, 2.140759e+01
3.082077e+01, 2.281877e+01
3.097288e+01, 2.422922e+01
3.112567e+01, 2.563893e+01
3.127913e+01, 2.704790e+01
3.143326e+01, 2.845612e+01
3.158807e+01, 2.986358e+01
3.174355e+01, 3.127028e+01
3.189972e+01, 3.267620e+01
3.205657e+01, 3.408134e+01
3.221409e+01, 3.548569e+01
3.237231e+01, 3.688924e+01
3.253121e+01, 3.829199e+01
3.269079e+01, 3.969394e+01
3.285106e+01, 4.109505e+01
3.301203e+01, 4.249534e+01
3.317369e+01, 4.389479e+01
3.333603e+01, 4.529340e+01
3.349908e+01, 4.669116e+01
3.366282e+01, 4.808805e+01
3.382726e+01, 4.948408e+01
3.399239e+01, 5.087923e+01
3.415823e+01, 5.227348e+01
3.432477e+01, 5.366685e+01
3.449201e+01, 5.505931e+01
3.465996e+01, 5.645086e+01
3.482861e+01, 5.784148e+01
3.499797e+01, 5.923117e+01
3.516804e+01, 6.061993e+01
3.533882e+01, 6.200774e+01
3.551030e+01, 6.339458e+01
3.568250e+01, 6.478046e+01
3.585541e+01, 6.616536e+01
3.602904e+01, 6.754926e+01
3.620338e+01, 6.893219e+01
3.637844e+01, 7.031410e+01
3.655421e+01, 7.169499e+01
3.673070e+01, 7.307486e+01
3.690791e+01, 7.445370e+01
3.708584e+01, 7.583148e+01
3.726450e+01, 7.720822e+01
3.744386e+01, 7.858389e+01
3.762396e+01, 7.995847e+01
3.780478e+01, 8.133198e+01
3.798632e+01, 8.270438e+01
3.816858e+01, 8.407568e+01
3.835157e+01, 8.544586e+01
3.853529e+01, 8.681491e+01
3.871973e+01, 8.818282e+01
3.890490e+01, 8.954958e+01
3.909079e+01, 9.091518e+01
3.927742e+01, 9.227960e+01
3.946477e+01, 9.364285e+01
3.965285e+01, 9.500489e+01
3.984166e+01, 9.636573e+01
4.003119e+01, 9.772535e+01
4.022145e+01, 9.908374e+01
4.041245e+01, 1.004409e+02
4.060418e+01, 1.017968e+02
4.079663e+01, 1.031514e+02
4.098981e+01, 1.045048e+02
4.118373e+01, 1.058568e+02
4.137837e+01, 1.072076e+02
4.157374e+01, 1.085570e+02
4.176984e+01, 1.099051e+02
4.196667e+01, 1.112519e+02
4.216423e+01, 1.125973e+02
4.236252e+01, 1.139414e+02
4.256153e+01, 1.152841e+02
4.276127e+01, 1.166254e+02
4.296174e+01, 1.179652e+02
4.316294e+01, 1.193037e+02
4.336486e+01, 1.206408e+02
4.356750e+01, 1.219763e+02
4.377088e+01, 1.233105e+02
4.397497e+01, 1.246431e+02
4.417979e+01, 1.259743e+02
4.438532e+01, 1.273040e+02
4.459158e+01, 1.286322e+02
4.479856e+01, 1.299588e+02
4.500626e+01, 1.312839e+02
4.521467e+01, 1.326075e+02
4.542381e+01, 1.339294e+02
4.563366e+01, 1.352498e+02
4.584421e+01, 1.365686e+02
4.605549e+01, 1.378858e+02
4.626747e+01, 1.392014e+02
4.648016e+01, 1.405153e+02
4.669356e+01, 1.418275e+02
4.690767e+01, 1.431381e+02
4.712247e+01, 1.444470e+02
4.733799e+01, 1.457542e+02
4.755420e+01, 1.470596e+02
4.777111e+01, 1.483633e+02
4.798871e+01, 1.496653e+02
4.820701e+01, 1.509655e+02
4.842600e+01, 1.522639e+02
4.864568e+01, 1.535606e+02
4.886605e+01, 1.548554e+02
4.908709e+01, 1.561483e+02
4.930883e+01, 1.574395e+02
4.953123e+01, 1.587287e+02
4.975432e+01, 1.600161e+02
4.997808e+01, 1.613015e+02
5.020251e+01, 1.625851e+02
5.042760e+01, 1.638667e+02
5.065337e+01, 1.651464e+02
5.087978e+01, 1.664241e+02
5.110686e+01, 1.676998e+02
5.133459e+01, 1.689735e+02
5.156298e+01, 1.702451e+02
5.179201e+01, 1.715148e+02
5.202168e+01, 1.727824e+02
5.225199e+01, 1.740479e+02
5.248294e+01, 1.753113e+02
5.271451e+01, 1.765725e+02
5.294673e+01, 1.778317e+02
5.317955e+01, 1.790887e+02
5.341300e+01, 1.803435e+02
5.364706e+01, 1.815962e+02
5.388174e+01, 1.828466e+02
5.411701e+01, 1.840948e+02
5.435289e+01, 1.853408e+02
5.458937e+01, 1.865845e+02
5.482643e+01, 1.878259e+02
5.506408e+01, 1.890650e+02
5.530231e+01, 1.903017e+02
5.554112e+01, 1.915361e+02
5.578049e+01, 1.927682e+02
5.602044e+01, 1.939978e+02
5.626094e+01, 1.952251e+02
5.650198e+01, 1.964499e+02
5.674359e+01, 1.976723e+02
5.698573e+01, 1.988922e+02
5.722841e+01, 2.001096e+02
5.747161e+01, 2.013245e+02
5.771535e+01, 2.025368e+02
5.795959e+01, 2.037466e+02
5.820435e+01, 2.049538e+02
5.844960e+01, 2.061584e+02
5.869535e+01, 2.073605e+02
5.894160e+01, 2.085598e+02
5.918832e+01, 2.097565e+02
5.943552e+01, 2.109505e+02
5.968318e+01, 2.121418e+02
5.993131e+01, 2.133303e+02
6.017988e+01, 2.145161e+02
6.042891e+01, 2.156991e+02
6.067836e+01, 2.168793e+02
6.092826e+01, 2.180567e+02
6.117856e+01, 2.192312e+02
6.142928e+01, 2.204029e+02
6.168040e+01, 2.215717e+02
6.193193e+01, 2.227375e+02
6.218383e+01, 2.239004e+02
6.243611e+01, 2.250603e+02
6.268877e+01, 2.262172e+02
6.294177e+01, 2.273712e+02
6.319513e+01, 2.285220e+02
6.344884e+01, 2.296699e+02
6.370287e+01, 2.308146e+02
6.395723e+01, 2.319562e+02
6.421190e+01, 2.330947e+02
6.446687e+01, 2.342299e+02
6.472212e+01, 2.353621e+02
6.497766e+01, 2.364910e+02
6.523347e+01, 2.376166e+02
6.548955e+01, 2.387390e+02
6.574587e+01, 2.398581e+02
6.600243e+01, 2.409739e+02
6.625923e+01, 2.420863e+02
6.651624e+01, 2.431954e+02
6.677345e+01, 2.443010e+02
6.703085e+01, 2.454033e+02
6.728843e+01, 2.465020e+02
6.754620e+01, 2.475974e+02
6.780411e+01, 2.486892e+02
6.806217e+01, 2.497775e+02
6.832037e+01, 2.508622e+02
6.857868e+01, 2.519433e+02
6.883711e+01, 2.530209e+02
6.909563e+01, 2.540948e+02
6.935425e+01, 2.551650e+02
6.961292e+01, 2.562315e+02
6.987166e+01, 2.572943e+02
7.013045e+01, 2.583534e+02
7.038925e+01, 2.594087e+02
7.064808e+01, 2.604602e+02
7.090691e+01, 2.615079e+02
7.116573e+01, 2.625517e+02
7.142453e+01, 2.635916e+02
7.168329e+01, 2.646276e+02
7.194199e+01, 2.656596e+02
7.220063e+01, 2.666877e+02
7.245919e+01, 2.677118e+02
7.271764e+01, 2.687318e+02
7.297599e+01, 2.697478e+02
7.323421e+01, 2.707597e+02
7.349229e+01, 2.717675e+02
7.375021e+01, 2.727711e+02
7.400796e+01, 2.737705e+02
7.426551e+01, 2.747658e+02
7.452286e+01, 2.757568e+02
7.477999e+01, 2.767436e+02
7.503688e+01, 2.777260e+02
7.529353e+01, 2.787042e+02
7.554990e+01, 2.796779e+02
7.580598e+01, 2.806474e+02
7.606176e+01, 2.816123e+02
7.631722e+01, 2.825729e+02
7.657234e+01, 2.835290e+02
7.682711e+01, 2.844806e+02
7.708150e+01, 2.854276e+02
7.733552e+01, 2.863701e+02
7.758912e+01, 2.873080e+02
7.784230e+01, 2.882412e+02
7.809504e+01, 2.891699e+02
7.834731e+01, 2.900938e+02
7.859911e+01, 2.910130e+02
7.885042e+01, 2.919275e+02
7.910120e+01, 2.928372e+02
7.935146e+01, 2.937421e+02
7.960117e+01, 2.946422e+02
7.985030e+01, 2.955374e+02
8.009884e+01, 2.964277e+02
8.034677e+01, 2.973131e+02
8.059409e+01, 2.981935e+02
8.084075e+01, 2.990690e+02
8.108675e+01, 2.999394e+02
8.133207e+01, 3.008047e+02
8.157668e+01, 3.016651e+02
8.182056e+01, 3.025202e+02
8.206371e+01, 3.033703e+02
8.230609e+01, 3.042152e+02
8.254769e+01, 3.050548e+02
8.278848e+01, 3.058893e+02
8.302847e+01, 3.067185e+02
8.326759e+01, 3.075424e+02
8.350586e+01, 3.083609e+02
8.374325e+01, 3.091742e+02
8.397973e+01, 3.099820e+02
8.421529e+01, 3.107844e+02
8.444990e+01, 3.115814e+02
8.468355e+01, 3.123729e+02
8.491621e+01, 3.131589e+02
8.514787e+01, 3.139393e+02
8.537850e+01, 3.147142e+02
8.560809e+01, 3.154835e+02
8.583659e+01, 3.162472e+02
8.606403e+01, 3.170052e+02
8.629034e+01, 3.177575e+02
8.651552e+01, 3.185041e+02
8.673956e+01, 3.192450e+02
8.696241e+01, 3.199801e+02
8.718407e+01, 3.207094e+02
8.740451e+01, 3.214328e+02
8.762373e+01, 3.221504e+02
8.784168e+01, 3.228621e+02
8.805836e+01, 3.235678e+02
8.827374e+01, 3.242677e+02
8.848779e+01, 3.249615e+02
8.870050e+01, 3.256493e+02
8.891186e+01, 3.263311e+02
8.912181e+01, 3.270068e+02
8.933037e+01, 3.276764e+02
8.953751e+01, 3.283399e+02
8.974319e+01, 3.289972e+02
8.994740e+01, 3.296483e+02
9.015013e+01, 3.302933e+02
9.035134e+01, 3.309319e+02
9.055103e+01, 3.315644e+02
9.074915e+01, 3.321905e+02
9.094571e+01, 3.328103e+02
9.114067e+01, 3.334238e+02
9.133402e+01, 3.340309e+02
9.152572e+01, 3.346316e+02
9.171578e+01, 3.352258e+02
9.190416e+01, 3.358136e+02
9.209084e+01, 3.363949e+02
9.227579e+01, 3.369697e+02
9.245901e+01, 3.375380e+02
9.264048e+01, 3.380997e+02
9.282016e+01, 3.386548e+02
9.299805e+01, 3.392032e+02
9.317412e+01, 3.397451e+02
9.334835e+01, 3.402803e+02
9.352072e+01, 3.408088e+02
9.369122e+01, 3.413306e+02
9.385982e+01, 3.418456e+02
9.402649e+01, 3.423539e+02
9.419123e+01, 3.428554e+02
9.435402e+01, 3.433501e+02
9.451484e+01, 3.438379e+02
9.467366e+01, 3.443189e+02
9.483047e+01, 3.447930e+02
9.498525e+01, 3.452603e+02
9.513799e+01, 3.457205e+02
9.528867e+01, 3.461739e+02
9.543726e+01, 3.466202e+02
9.558373e+01, 3.470596e+02
9.572810e+01, 3.474919e+02
9.587033e+01, 3.479173e+02
9.601040e+01, 3.483355e+02
9.614831e+01, 3.487467e+02
9.628403e+01, 3.491508e+02
9.641754e+01, 3.495478e+02
9.654883e+01, 3.499376e+02
9.667789e+01, 3.503203e+02
9.680470e+01, 3.506958e+02
9.692924e+01, 3.510641e+02
9.705149e+01, 3.514252e+02
9.717144e+01, 3.517791e+02
9.728909e+01, 3.521257e+02
9.740440e+01, 3.524650e+02
9.751737e+01, 3.527971e+02
9.762799e+01, 3.531219e+02
9.773623e+01, 3.534393e+02
9.784209e+01, 3.537494e+02
9.794556e+01, 3.540522e+02
9.804660e+01, 3.543476e+02
9.814522e+01, 3.546356e+02
9.824141e+01, 3.549163e+02
9.833514e+01, 3.551895e+02
9.842642e+01, 3.554553e+02
9.851523e+01, 3.557136e+02
9.860155e+01, 3.559645e+02
9.868538e+01, 3.562080e+02
9.876670e+01, 3.564439e+02
9.884550e+01, 3.566724e+02
9.892177e+01, 3.568934e+02
9.899551e+01, 3.571068e+02
9.906670e+01, 3.573128e+02
9.913534e+01, 3.575112e+02
9.920141e+01, 3.577021e+02
9.926491e+01, 3.578854e+02
9.932582e+01, 3.580611e+02
9.938415e+01, 3.582293e+02
9.943987e+01, 3.583899e+02
9.949299e+01, 3.585428e+02
9.954350e+01, 3.586883e+02
9.959138e+01, 3.588260e+02
9.963665e+01, 3.589562e+02
9.967928e+01, 3.590788e+02
9.971928e+01, 3.591937e+02
9.975663e+01, 3.593010e+02
9.979134e+01, 3.594006e+02
9.982339e+01, 3.594927e+02
9.985279e+01, 3.595770e+02
9.987953e+01, 3.596537e+02
9.990361e+01, 3.597227e+02
9.992501e+01, 3.597841e+02
9.994375e+01, 3.598379e+02
9.995982e+01, 3.598839e+02
9.997321e+01, 3.599223e+02
9.998392e+01, 3.599530e+02
9.999196e+01, 3.599760e+02
9.999731e+01, 3.599914e+02
1.000000e+02, 3.599991e+02
1.000000e+02, 3.599991e+02
1.000000e+02, 3.599991e+02
1.000000e+02, 3.599991e+02
9.999731e+01, 3.599914e+02
9.999196e+01, 3.599760e+02
9.998392e+01, 3.599530e+02
9.997321e+01, 3.599223e+02
9.995982e+01, 3.598839e+02
9.994375e+01, 3.598379e+02
9.992501e+01, 3.597841e+02
9.990361e+01, 3.597227e+02
9.987953e+01, 3.596537e+02
9.985279e+01, 3.595770e+02
9.982339e+01, 3.594927e+02
9.979134e+01, 3.594006e+02
9.975663e+01, 3.593010e+02
9.971928e+01, 3.591937e+02
9.967928e+01, 3.590788e+02
9.963665e+01, 3.589562e+02
9.959138e+01, 3.588260e+02
9.954350e+01, 3.586883e+02
9.949299e+01, 3.585428e+02
9.943987e+01, 3.583899e+02
9.938415e+01, 3.582293e+02
9.932582e+01, 3.580611e+02
9.926491e+01, 3.578854e+02
9.920141e+01, 3.577021e+02
9.913534e+01, 3.575112e+02
9.906670e+01, 3.573128e+02
9.899551e+01, 3.571068e+02
9.892177e+01, 3.568934e+02
9.884550e+01, 3.566724e+02
9.876670e+01, 3.564439e+02
9.868538e+01, 3.562080e+02
9.860155e+01, 3.559645e+02
9.851523e+01, 3.557136e+02
9.842642e+01, 3.554553e+02
9.833514e+01, 3.551895e+02
9.824141e+01, 3.549163e+02
9.814522e+01, 3.546356e+02
9.804660e+01, 3.543476e+02
9.794556e+01, 3.540522e+02
9.784209e+01, 3.537494e+02
9.773623e+01, 3.534393e+02
9.762799e+01, 3.531219e+02
9.751737e+01, 3.527971e+02
9.740440e+01, 3.524650e+02
9.728909e+01, 3.521257e+02
9.717144e+01, 3.517791e+02
9.705149e+01, 3.514252e+02
9.692924e+01, 3.510641e+02
9.680470e+01, 3.506958e+02
9.667789e+01, 3.503203e+02
9.654883e+01, 3.499376e+02
9.641754e+01, 3.495478e+02
9.628403e+01, 3.491508e+02
9.614831e+01, 3.487467e+02
9.601040e+01, 3.483355e+02
9.587033e+01, 3.479173e+02
9.572810e+01, 3.474919e+02
9.558373e+01, 3.470596e+02
9.543726e+01, 3.466202e+02
9.528867e+01, 3.461739e+02
9.513799e+01, 3.457205e+02
9.498525e+01, 3.452603e+02
9.483047e+01, 3.447930e+02
9.467366e+01, 3.443189e+02
9.451484e+01, 3.438379e+02
9.435402e+01, 3.433501e+02
9.419123e+01, 3.428554e+02
9.402649e+01, 3.423539e+02
9.385982e+01, 3.418456e+02
9.369122e+01, 3.413306e+02
9.352072e+01, 3.408088e+02
9.334835e+01, 3.402803e+02
9.317412e+01, 3.397451e+02
9.299805e+01, 3.392032e+02
9.282016e+01, 3.386548e+02
9.264048e+01, 3.380997e+02
9.245901e+01, 3.375380e+02
9.227579e+01, 3.369697e+02
9.209084e+01, 3.363949e+02
9.190416e+01, 3.358136e+02
9.171578e+01, 3.352258e+02
9.152572e+01, 3.346316e+02
9.133402e+01, 3.340309e+02
9.114067e+01, 3.334238e+02
9.094571e+01, 3.328103e+02
9.074915e+01, 3.321905e+02
9.055103e+01, 3.315644e+02
9.035134e+01, 3.309319e+02
9.015013e+01, 3.302933e+02
8.994740e+01, 3.296483e+02
8.974319e+01, 3.289972e+02
8.953751e+01, 3.283399e+02
8.933037e+01, 3.276764e+02
8.912181e+01, 3.270068e+02
8.891186e+01, 3.263311e+02
8.870050e+01, 3.256493e+02
8.848779e+01, 3.249615e+02
8.827374e+01, 3.242677e+02
8.805836e+01, 3.235678e+02
8.784168e+01, 3.228621e+02
8.762373e+01, 3.221504e+02
8.740451e+01, 3.214328e+02
8.718407e+01, 3.207094e+02
8.696241e+01, 3.199801e+02
8.673956e+01, 3.192450e+02
8.651552e+01, 3.185041e+02
8.629034e+01, 3.177575e+02
8.606403e+01, 3.170052e+02
8.583659e+01, 3.162472e+02
8.560809e+01, 3.154835e+02
8.537850e+01, 3.147142e+02
8.514787e+01, 3.139393e+02
8.491621e+01, 3.131589e+02
8.468355e+01, 3.123729e+02
8.444990e+01, 3.115814e+02
8.421529e+01, 3.107844e+02
8.397973e+01, 3.099820e+02
8.374325e+01, 3.091742e+02
8.350586e+01, 3.083609e+02
8.326759e+01, 3.075424e+02
8.302847e+01, 3.067185e+02
8.278848e+01, 3.058893e+02
8.254769e+01, 3.050548e+02
8.230609e+01, 3.042152e+02
8.206371e+01, 3.033703e+02
8.182056e+01, 3.025202e+02
8.157668e+01, 3.016651e+02
8.133207e+01, 3.008047e+02
8.108675e+01, 2.999394e+02
8.084075e+01, 2.990690e+02
8.059409e+01, 2.981935e+02
8.034677e+01, 2.973131e+02
8.009884e+01, 2.964277e+02
7.985030e+01, 2.955374e+02
7.960117e+01, 2.946422e+02
7.935146e+01, 2.937421e+02
7.910120e+01, 2.928372e+02
7.885042e+01, 2.919275e+02
7.859911e+01, 2.910130e+02
7.834731e+01, 2.900938e+02
7.809504e+01, 2.891699e+02
7.784230e+01, 2.882412e+02
7.758912e+01, 2.873080e+02
7.733552e+01, 2.863701e+02
7.708150e+01, 2.854276e+02
7.682711e+01, 2.844806e+02
7.657234e+01, 2.835290e+02
7.631722e+01, 2.825729e+02
7.606176e+01, 2.816123e+02
7.580598e+01, 2.806474e+02
7.554990e+01, 2.796779e+02
7.529353e+01, 2.787042e+02
7.503688e+01, 2.777260e+02
7.477999e+01, 2.767436e+02
7.452286e+01, 2.757568e+02
7.426551e+01, 2.747658e+02
7.400796e+01, 2.737705e+02
7.375021e+01, 2.727711e+02
7.349229e+01, 2.717675e+02
7.323421e+01, 2.707597e+02
7.297599e+01, 2.697478e+02
7.271764e+01, 2.687318e+02
7.245919e+01, 2.677118e+02
7.220063e+01, 2.666877e+02
7.194199e+01, 2.656596e+02
7.168329e+01, 2.646276e+02
7.142453e+01, 2.635916e+02
7.116573e+01, 2.625517e+02
7.090691e+01, 2.615079e+02
7.064808e+01, 2.604602e+02
7.038925e+01, 2.594087e+02
7.013045e+01, 2.583534e+02
6.987166e+01, 2.572943e+02
6.961292e+01, 2.562315e+02
6.935425e+01, 2.551650e+02
6.909563e+01, 2.540948e+02
6.883711e+01, 2.530209e+02
6.857868e+01, 2.519433e+02
6.832037e+01, 2.508622e+02
6.806217e+01, 2.497775e+02
6.780411e+01, 2.486892e+02
6.754620e+01, 2.475974e+02
6.728843e+01, 2.465020e+02
6.703085e+01, 2.454033e+02
6.677345e+01, 2.443010e+02
6.651624e+01, 2.431954e+02
6.625923e+01, 2.420863e+02
6.600243e+01, 2.409739e+02
6.574587e+01, 2.398581e+02
6.548955e+01, 2.387390e+02
6.523347e+01, 2.376166e+02
6.497766e+01, 2.364910e+02
6.472212e+01, 2.353621e+02
6.446687e+01, 2.342299e+02
6.421190e+01, 2.330947e+02
6.395723e+01, 2.319562e+02
6.370287e+01, 2.308146e+02
6.344884e+01, 2.296699e+02
6.319513e+01, 2.285220e+02
6.294177e+01, 2.273712e+02
6.268877e+01, 2.262172e+02
6.243611e+01, 2.250603e+02
6.218383e+01, 2.239004e+02
6.193193e+01, 2.227375e+02
6.168040e+01, 2.215717e+02
6.142928e+01, 2.204029e+02
6.117856e+01, 2.192312e+02
6.092826e+01, 2.180567e+02
6.067836e+01, 2.168793e+02
6.042891e+01, 2.156991e+02
6.017988e+01, 2.145161e+02
5.993131e+01, 2.133303e+02
5.968318e+01, 2.121418e+02
5.943552e+01, 2.109505e+02
5.918832e+01, 2.097565e+02
5.894160e+01, 2.085598e+02
5.869535e+01, 2.073605e+02
5.844960e+01, 2.061584e+02
5.820435e+01, 2.049538e+02
5.795959e+01, 2.037466e+02
5.771535e+01, 2.025368e+02
5.747161e+01, 2.013245e+02
5.722841e+01, 2.001096e+02
5.698573e+01, 1.988922e+02
5.674359e+01, 1.976723e+02
5.650198e+01, 1.964499e+02
5.626094e+01, 1.952251e+02
5.602044e+01, 1.939978e+02
5.578049e+01, 1.927682e+02
5.554112e+01, 1.915361e+02
5.530231e+01, 1.903017e+02
5.506408e+01, 1.890650e+02
5.482643e+01, 1.878259e+02
5.458937e+01, 1.865845e+02
5.435289e+01, 1.853408e+02
5.411701e+01, 1.840948e+02
5.388174e+01, 1.828466e+02
5.364706e+01, 1.815962e+02
5.341300e+01, 1.803435e+02
5.317955e+01, 1.790887e+02
5.294673e+01, 1.778317e+02
5.271451e+01, 1.765725e+02
5.248294e+01, 1.753113e+02
5.225199e+01, 1.740479e+02
5.202168e+01, 1.727824e+02
5.179201e+01, 1.715148e+02
5.156298e+01, 1.702451e+02
5.133459e+01, 1.689735e+02
5.110686e+01, 1.676998e+02
5.087978e+01, 1.664241e+02
5.065337e+01, 1.651464e+02
5.042760e+01, 1.638667e+02
5.020251e+01, 1.625851e+02
4.997808e+01, 1.613015e+02
4.975432e+01, 1.600161e+02
4.953123e+01, 1.587287e+02
4.930883e+01, 1.574395e+02
4.908709e+01, 1.561483e+02
4.886605e+01, 1.548554e+02
4.864568e+01, 1.535606e+02
4.842600e+01, 1.522639e+02
4.820701e+01, 1.509655e+02
4.798871e+01, 1.496653e+02
4.777111e+01, 1.483633e+02
4.755420e+01, 1.470596e+02
4.733799e+01, 1.457542e+02
4.712247e+01, 1.444470e+02
4.690767e+01, 1.431381e+02
4.669356e+01, 1.418275e+02
4.648016e+01, 1.405153e+02
4.626747e+01, 1.392014e+02
4.605549e+01, 1.378858e+02
4.584421e+01, 1.365686e+02
4.563366e+01, 1.352498e+02
4.542381e+01, 1.339294e+02
4.521467e+01, 1.326075e+02
4.500626e+01, 1.312839e+02
4.479856e+01, 1.299588e+02
4.459158e+01, 1.286322e+02
4.438532e+01, 1.273040e+02
4.417979e+01, 1.259743e+02
4.397497e+01, 1.246431e+02
4.377088e+01, 1.233105e+02
4.356750e+01, 1.219763e+02
4.336486e+01, 1.206408e+02
4.316294e+01, 1.193037e+02
4.296174e+01, 1.179652e+02
4.276127e+01, 1.166254e+02
4.256153e+01, 1.152841e+02
4.236252e+01, 1.139414e+02
4.216423e+01, 1.125973e+02
4.196667e+01, 1.112519e+02
4.176984e+01, 1.099051e+02
4.157374e+01, 1.085570e+02
4.137837e+01, 1.072076e+02
4.118373e+01, 1.058568e+02
4.098981e+01, 1.045048e+02
4.079663e+01, 1.031514e+02
4.060418e+01, 1.017968e+02
4.041245e+01, 1.004409e+02
4.022145e+01, 9.908374e+01
4.003119e+01, 9.772535e+01
3.984166e+01, 9.636573e+01
3.965285e+01, 9.500489e+01
3.946477e+01, 9.364285e+01
3.927742e+01, 9.227960e+01
3.909079e+01, 9.091518e+01
3.890490e+01, 8.954958e+01
3.871973e+01, 8.818282e+01
3.853529e+01, 8.681491e+01
3.835157e+01, 8.544586e+01
3.816858e+01, 8.407568e+01
3.798632e+01, 8.270438e+01
3.780478e+01, 8.133198e+01
3.762396e+01, 7.995847e+01
3.744386e+01, 7.858389e+01
3.726450e+01, 7.720822e+01
3.708584e+01, 7.583148e+01
3.690791e+01, 7.445370e+01
3.673070e+01, 7.307486e+01
3.655421e+01, 7.169499e+01
3.637844e+01, 7.031410e+01
3.620338e+01, 6.893219e+01
3.602904e+01, 6.754926e+01
3.585541e+01, 6.616536e+01
3.568250e+01, 6.478046e+01
3.551030e+01, 6.339458e+01
3.533882e+01, 6.200774e+01
3.516804e+01, 6.061993e+01
3.499797e+01, 5.923117e+01
3.482861e+01, 5.784148e+01
3.465996e+01, 5.645086e+01
3.449201e+01, 5.505931e+01
3.432477e+01, 5.366685e+01
3.415823e+01, 5.227348e+01
3.399239e+01, 5.087923e+01
3.382726e+01, 4.948408e+01
3.366282e+01, 4.808805e+01
3.349908e+01, 4.669116e+01
3.333603e+01, 4.529340e+01
3.317369e+01, 4.389479e+01
3.301203e+01, 4.249534e+01
3.285106e+01, 4.109505e+01
3.269079e+01, 3.969394e+01
3.253121e+01, 3.829199e+01
3.237231e+01, 3.688924e+01
3.221409e+01, 3.548569e+01
3.205657e+01, 3.408134e+01
3.189972e+01, 3.267620e+01
3.174355e+01, 3.127028e+01
3.158807e+01, 2.986358e+01
3.143326e+01, 2.845612e+01
3.127913e+01, 2.704790e+01
3.112567e+01, 2.563893e+01
3.097288e+01, 2.422922e+01
3.082077e+01, 2.281877e+01
3.066932e+01, 2.140759e+01
3.051854e+01, 1.999569e+01
3.036843e+01, 1.858308e+01
3.021898e+01, 1.716975e+01
3.007019e+01, 1.575573e+01
2.992206e+01, 1.434101e+01
2.977459e+01, 1.292560e+01
2.962778e+01, 1.150952e+01
2.948162e+01, 1.009276e+01
2.933611e+01, 8.675331e+00
2.919125e+01, 7.257244e+00
2.904704e+01, 5.838502e+00
2.890348e+01, 4.419113e+00
2.876057e+01, 2.999083e+00
2.861830e+01, 1.578417e+00
2.847666e+01, 1.571221e-01
2.833567e+01, 3.587352e+02
2.819532e+01, 3.573127e+02
2.805560e+01, 3.558895e+02
2.791651e+01, 3.544658e+02
2.777806e+01, 3.530414e+02
2.764023e+01, 3.516165e+02
2.750303e+01, 3.501909e+02
2.736646e+01, 3.487649e+02
2.723051e+01, 3.473382e+02
2.709518e+01, 3.459109e+02
2.696047e+01, 3.444831e+02
2.682639e+01, 3.430547e+02
2.669291e+01, 3.416258e+02
2.656004e+01, 3.401964e+02
2.642779e+01, 3.387664e+02
2.629615e+01, 3.373358e+02
2.616512e+01, 3.359047e+02
2.603469e+01, 3.344731e+02
2.590486e+01, 3.330410e+02
2.577564e+01, 3.316083e+02
2.564701e+01, 3.301752e+02
2.551898e+01, 3.287415e+02
2.539155e+01, 3.273074e+02
2.526470e+01, 3.258727e+02
2.513845e+01, 3.244376e+02
2.501279e+01, 3.230019e+02
2.488771e+01, 3.215658e+02
2.476322e+01, 3.201292e+02
2.463931e+01, 3.186922e+02
2.451598e+01, 3.172546e+02
2.439323e+01, 3.158167e+02
2.427105e+01, 3.143782e+02
2.414945e+01, 3.129393e+02
2.402842e+01, 3.115000e+02
2.390796e+01, 3.100602e+02
2.378806e+01, 3.086200e+02
2.366874e+01, 3.071793e+02
2.354997e+01, 3.057382e+02
2.343177e+01, 3.042967e+02
2.331412e+01, 3.028548e+02
2.319703e+01, 3.014124e+02
2.308050e+01, 2.999696e+02
2.296452e+01, 2.985265e+02
2.284909e+01, 2.970829e+02
2.273421e+01, 2.956389e+02
2.261988e+01, 2.941945e+02
2.250608e+01, 2.927498e+02
2.239284e+01, 2.913046e+02
2.228013e+01, 2.898590e+02
2.216796e+01, 2.884131e+02
2.205632e+01, 2.869668e+02
2.194522e+01, 2.855201e+02
2.183465e+01, 2.840731e+02
2.172461e+01, 2.826257e+02
2.161510e+01, 2.811779e+02
2.150611e+01, 2.797297e+02
2.139764e+01, 2.782812e+02
2.128970e+01, 2.768324e+02
2.118227e+01, 2.753832e+02
2.107537e+01, 2.739337e+02
2.096897e+01, 2.724838e+02
2.086309e+01, 2.710336e+02
2.075772e+01, 2.695830e+02
2.065286e+01, 2.681322e+02
2.054851e+01, 2.666809e+02
2.044466e+01, 2.652294e+02
2.034130e+01, 2.637776e+02
2.023846e+01, 2.623254e+02
2.013611e+01, 2.608729e+02
2.003425e+01, 2.594201e+02
1.993289e+01, 2.579670e+02
1.983202e+01, 2.565136e+02
1.973164e+01, 2.550599e+02
1.963175e+01, 2.536059e+02
1.953234e+01, 2.521516e+02
1.943342e+01, 2.506970e+02
1.933498e+01, 2.492421e+02
1.923701e+01, 2.477869e+02
1.913953e+01, 2.463315e+02
1.904252e+01, 2.448757e+02
1.894598e+01, 2.434197e+02
1.884992e+01, 2.419634e+02
1.875433e+01, 2.405068e+02
1.865920e+01, 2.390500e+02
1.856454e+01, 2.375929e+02
1.847034e+01, 2.361355e+02
1.837660e+01, 2.346779e+02
1.828332e+01, 2.332200e+02
1.819049e+01, 2.317619e+02
1.809813e+01, 2.303035e+02
1.800621e+01, 2.288448e+02
1.791475e+01, 2.273859e+02
1.782374e+01, 2.259268e+02
1.773318e+01, 2.244674e+02
1.764305e+01, 2.230078e+02
1.755338e+01, 2.215479e+02
1.746414e+01, 2.200878e+02
1.737534e+01, 2.186275e+02
1.728699e+01, 2.171669e+02
1.719906e+01, 2.157061e+02
1.711157e+01, 2.142451e+02
1.702452e+01, 2.127838e+02
1.693789e+01, 2.113224e+02
1.685169e+01, 2.098607e+02
1.676591e+01, 2.083988e+02
1.668056e+01, 2.069366e+02
1.659563e+01, 2.054743e+02
1.651113e+01, 2.040117e+02
1.642704e+01, 2.025490e+02
1.634336e+01, 2.010860e+02
1.626010e+01, 1.996228e+02
1.617726e+01, 1.981595e+02
1.609482e+01, 1.966959e+02
1.601279e+01, 1.952321e+02
1.593117e+01, 1.937681e+02
1.584996e+01, 1.923040e+02
1.576915e+01, 1.908396e+02
1.568874e+01, 1.893751e+02
1.560873e+01, 1.879103e+02
1.552912e+01, 1.864454e+02
1.544990e+01, 1.849803e+02
1.537108e+01, 1.835150e+02
1.529265e+01, 1.820495e+02
1.521461e+01, 1.805839e+02
1.513696e+01, 1.791181e+02
1.505970e+01, 1.776520e+02
1.498282e+01, 1.761859e+02
1.490632e+01, 1.747195e+02
1.483021e+01, 1.732530e+02
1.475448e+01, 1.717863e+02
1.467912e+01, 1.703194e+02
1.460414e+01, 1.688524e+02
1.452954e+01, 1.673852e+02
1.445531e+01, 1.659179e+02
1.438145e+01, 1.644503e+02
1.430796e+01, 1.629827e+02
1.423483e+01, 1.615149e+02
1.416208e+01, 1.600469e+02
1.408968e+01, 1.585787e+02
1.401766e+01, 1.571104e+02
1.394598e+01, 1.556420e+02
1.387468e+01, 1.541734e+02
1.380372e+01, 1.527047e+02
1.373313e+01, 1.512358e+02
1.366288e+01, 1.497668e+02
1.359299e+01, 1.482976e+02
1.352345e+01, 1.468283e+02
1.345426e+01, 1.453588e+02
1.338542e+01, 1.438892e+02
1.331692e+01, 1.424195e+02
1.324877e+01, 1.409496e+02
1.318096e+01, 1.394796e+02
1.311349e+01, 1.380095e+02
1.304636e+01, 1.365392e+02
1.297957e+01, 1.350688e+02
1.291311e+01, 1.335983e+02
1.284699e+01, 1.321276e+02
1.278120e+01, 1.306568e+02
1.271574e+01, 1.291859e+02
1.265062e+01, 1.277149e+02
1.258582e+01, 1.262437e+02
1.252134e+01, 1.247724e+02
1.245720e+01, 1.233010e+02
1.239337e+01, 1.218295e+02
1.232987e+01, 1.203578e+02
1.226669e+01, 1.188861e+02
1.220382e+01, 1.174142e+02
1.214128e+01, 1.159422e+02
1.207905e+01, 1.144701e+02
1.201713e+01, 1.129979e+02
1.195553e+01, 1.115256e+02
1.189424e+01, 1.100532e+02
1.183326e+01, 1.085806e+02
1.177258e+01, 1.071080e+02
1.171222e+01, 1.056352e+02
1.165216e+01, 1.041623e+02
1.159240e+01, 1.026894e+02
1.153294e+01, 1.012163e+02
1.147379e+01, 9.974314e+01
1.141494e+01, 9.826987e+01
1.135638e+01, 9.679649e+01
1.129812e+01, 9.532301e+01
1.124015e+01, 9.384945e+01
1.118248e+01, 9.237578e+01
1.112510e+01, 9.090202e+01
1.106801e+01, 8.942816e+01
1.101121e+01, 8.795420e+01
1.095470e+01, 8.648016e+01
1.089848e+01, 8.500602e+01
1.084254e+01, 8.353179e+01
1.078688e+01, 8.205748e+01
1.073151e+01, 8.058306e+01
1.067642e+01, 7.910857e+01
1.062160e+01, 7.763399e+01
1.056707e+01, 7.615932e+01
1.051281e+01, 7.468456e+01
1.045883e+01, 7.320972e+01
1.040512e+01, 7.173479e+01
1.035169e+01, 7.025979e+01
1.029852e+01, 6.878470e+01
1.024563e+01, 6.730952e+01
1.019301e+01, 6.583427e+01
1.014065e+01, 6.435894e+01
1.008856e+01, 6.288353e+01
1.003673e+01, 6.140804e+01
9.985169e+00, 5.993248e+01
9.933870e+00, 5.845683e+01
9.882830e+00, 5.698112e+01
9.832051e+00, 5.550533e+01
9.781529e+00, 5.402946e+01
9.731266e+00, 5.255352e+01
9.681257e+00, 5.107751e+01
9.631504e+00, 4.960143e+01
9.582005e+00, 4.812527e+01
9.532757e+00, 4.664905e+01
9.483758e+00, 4.517275e+01
9.435011e+00, 4.369639e+01
9.386512e+00, 4.221996e+01
9.338260e+00, 4.074346e+01
9.290253e+00, 3.926690e+01
9.242492e+00, 3.779026e+01
9.194972e+00, 3.631357e+01
9.147696e+00, 3.483681e+01
9.100660e+00, 3.335999e+01
9.053865e+00, 3.188310e+01
9.007309e+00, 3.040615e+01
8.960989e+00, 2.892914e+01
8.914906e+00, 2.745206e+01
8.869059e+00, 2.597493e+01
8.823444e+00, 2.449773e+01
8.778063e+00, 2.302048e+01
8.732913e+00, 2.154316e+01
8.687995e+00, 2.006579e+01
8.643304e+00, 1.858836e+01
8.598842e+00, 1.711087e+01
8.554606e+00, 1.563333e+01
8.510598e+00, 1.415573e+01
8.466813e+00, 1.267807e+01
8.423252e+00, 1.120036e+01
8.379914e+00, 9.722600e+00
8.336798e+00, 8.244781e+00
8.293901e+00, 6.766908e+00
8.251224e+00, 5.288984e+00
8.208764e+00, 3.811007e+00
8.166522e+00, 2.332979e+00
8.124495e+00, 8.548999e-01
8.082684e+00, 3.593768e+02
8.041085e+00, 3.578986e+02
7.999701e+00, 3.564203e+02
7.958527e+00, 3.549421e+02
7.917563e+00, 3.534638e+02
7.876810e+00, 3.519854e+02
7.836265e+00, 3.505070e+02
7.795926e+00, 3.490285e+02
7.755795e+00, 3.475500e+02
7.715869e+00, 3.460714e+02
7.676146e+00, 3.445928e+02
7.636628e+00, 3.431141e+02
7.597311e+00, 3.416354e+02
7.558197e+00, 3.401567e+02
7.519281e+00, 3.386779e+02
7.480566e+00, 3.371991e+02
7.442048e+00, 3.357202e+02
7.403727e+00, 3.342413e+02
7.365603e+00, 3.327623e+02
7.327674e+00, 3.312833e+02
7.289940e+00, 3.298043e+02
7.252398e+00, 3.283252e+02
7.215049e+00, 3.268460e+02
7.177892e+00, 3.253669e+02
7.140924e+00, 3.238877e+02
7.104146e+00, 3.224084e+02
7.067556e+00, 3.209292e+02
7.031155e+00, 3.194498e+02
6.994939e+00, 3.179705e+02
6.958909e+00, 3.164911e+02
6.923064e+00, 3.150117e+02
6.887403e+00, 3.135322e+02
6.851923e+00, 3.120526e+02
6.816627e+00, 3.105731e+02
6.781511e+00, 3.090935e+02
6.746575e+00, 3.076139e+02
6.711819e+00, 3.061343e+02
6.677241e+00, 3.046546e+02
6.642840e+00, 3.031749e+02
6.608616e+00, 3.016951e+02
6.574567e+00, 3.002153e+02
6.540693e+00, 2.987355e+02
6.506992e+00, 2.972556e+02
6.473464e+00, 2.957757e+02
6.440110e+00, 2.942958e+02
6.406925e+00, 2.928159e+02
6.373911e+00, 2.913359e+02
6.341067e+00, 2.898559e+02
6.308391e+00, 2.883758e+02
6.275883e+00, 2.868957e+02
6.243541e+00, 2.854156e+02
6.211367e+00, 2.839355e+02
6.179357e+00, 2.824553e+02
6.147511e+00, 2.809751e+02
6.115829e+00, 2.794949e+02
6.084309e+00, 2.780146e+02
6.052951e+00, 2.765344e+02
6.021755e+00, 2.750540e+02
5.990719e+00, 2.735737e+02
5.959842e+00, 2.720934e+02
5.929123e+00, 2.706129e+02
5.898563e+00, 2.691325e+02
5.868159e+00, 2.676521e+02
5.837912e+00, 2.661716e+02
5.807820e+00, 2.646911e+02
5.777883e+00, 2.632106e+02
5.748099e+00, 2.617300e+02
5.718469e+00, 2.602495e+02
5.688991e+00, 2.587689e+02
5.659665e+00, 2.572882e+02
5.630488e+00, 2.558076e+02
5.601463e+00, 2.543269e+02
5.572586e+00, 2.528462e+02
5.543858e+00, 2.513655e+02
5.515277e+00, 2.498847e+02
5.486843e+00, 2.484039e+02
5.458555e+00, 2.469231e+02
5.430413e+00, 2.454423e+02
5.402416e+00, 2.439615e+02
5.374562e+00, 2.424806e+02
5.346851e+00, 2.409998e+02
5.319283e+00, 2.395189e+02
5.291858e+00, 2.380379e+02
5.264573e+00, 2.365570e+02
5.237428e+00, 2.350760e+02
5.210423e+00, 2.335950e+02
5.183556e+00, 2.321140e+02
5.156828e+00, 2.306330e+02
5.130237e+00, 2.291519e+02
5.103783e+00, 2.276709e+02
5.077465e+00, 2.261898e+02
5.051283e+00, 2.247087e+02
5.025235e+00, 2.232275e+02
4.999321e+00, 2.217464e+02
4.973540e+00, 2.202652e+02
4.947893e+00, 2.187840e+02
4.922376e+00, 2.173028e+02
4.896991e+00, 2.158216e+02
4.871737e+00, 2.143404e+02
4.846613e+00, 2.128591e+02
4.821618e+00, 2.113778e+02
4.796751e+00, 2.098965e+02
4.772013e+00, 2.084152e+02
4.747402e+00, 2.069339e+02
4.722917e+00, 2.054525e+02
4.698558e+00, 2.039712e+02
4.674325e+00, 2.024898e+02
4.650217e+00, 2.010084e+02
4.626232e+00, 1.995270e+02
4.602371e+00, 1.980456e+02
4.578633e+00, 1.965641e+02
4.555017e+00, 1.950827e+02
4.531522e+00, 1.936012e+02
4.508149e+00, 1.921197e+02
4.484895e+00, 1.906382e+02
4.461761e+00, 1.891566e+02
4.438747e+00, 1.876751e+02
4.415851e+00, 1.861936e+02
4.393073e+00, 1.847120e+02
4.370411e+00, 1.832304e+02
4.347867e+00, 1.817488e+02
4.325439e+00, 1.802672e+02
4.303126e+00, 1.787856e+02
4.280928e+00, 1.773039e+02
4.258844e+00, 1.758223e+02
4.236875e+00, 1.743406e+02
4.215017e+00, 1.728589e+02
4.193273e+00, 1.713772e+02
4.171640e+00, 1.698955e+02
4.150119e+00, 1.684138e+02
4.128709e+00, 1.669321e+02
4.107409e+00, 1.654503e+02
4.086219e+00, 1.639686e+02
4.065138e+00, 1.624868e+02
4.044166e+00, 1.610050e+02
4.023301e+00, 1.595232e+02
4.002543e+00, 1.580414e+02
3.981894e+00, 1.565595e+02
3.961350e+00, 1.550777e+02
3.940912e+00, 1.535958e+02
3.920579e+00, 1.521140e+02
3.900351e+00, 1.506321e+02
3.880227e+00, 1.491502e+02
3.860207e+00, 1.476683e+02
3.840290e+00, 1.461864e+02
3.820475e+00, 1.447045e+02
3.800763e+00, 1.432226e+02
3.781152e+00, 1.417406e+02
3.761643e+00, 1.402587e+02
3.742233e+00, 1.387767e+02
3.722924e+00, 1.372947e+02
3.703715e+00, 1.358127e+02
3.684604e+00, 1.343307e+02
3.665591e+00, 1.328487e+02
3.646677e+00, 1.313667e+02
3.627861e+00, 1.298847e+02
3.609141e+00, 1.284026e+02
3.590517e+00, 1.269206e+02
3.571990e+00, 1.254385e+02
3.553558e+00, 1.239564e+02
3.535221e+00, 1.224743e+02
3.516979e+00, 1.209922e+02
3.498830e+00, 1.195102e+02
3.480775e+00, 1.180280e+02
3.462813e+00, 1.165459e+02
3.444944e+00, 1.150638e+02
3.427167e+00, 1.135816e+02
3.409482e+00, 1.120995e+02
3.391887e+00, 1.106173e+02
3.374384e+00, 1.091352e+02
3.356971e+00, 1.076530e+02
3.339647e+00, 1.061708e+02
3.322413e+00, 1.046886e+02
3.305268e+00, 1.032064e+02
3.288210e+00, 1.017242e+02
3.271241e+00, 1.002420e+02
3.254360e+00, 9.875976e+01
3.237565e+00, 9.727751e+01
3.220857e+00, 9.579527e+01
3.204236e+00, 9.431302e+01
3.187699e+00, 9.283076e+01
3.171249e+00, 9.134850e+01
3.154882e+00, 8.986622e+01
3.138601e+00, 8.838394e+01
3.122403e+00, 8.690164e+01
3.106289e+00, 8.541935e+01
3.090258e+00, 8.393704e+01
3.074310e+00, 8.245473e+01
3.058444e+00, 8.097241e+01
3.042659e+00, 7.949008e+01
3.026957e+00, 7.800774e+01
3.011335e+00, 7.652541e+01
2.995793e+00, 7.504306e+01
2.980332e+00, 7.356071e+01
2.964951e+00, 7.207835e+01
2.949649e+00, 7.059598e+01
2.934425e+00, 6.911360e+01
2.919281e+00, 6.763122e+01
2.904214e+00, 6.614883e+01
2.889225e+00, 6.466644e+01
2.874314e+00, 6.318404e+01
2.859479e+00, 6.170163e+01
2.844721e+00, 6.021922e+01
2.830039e+00, 5.873680e+01
2.815432e+00, 5.725438e+01
2.800901e+00, 5.577195e+01
2.786445e+00, 5.428952e+01
2.772064e+00, 5.280708e+01
2.757756e+00, 5.132463e+01
2.743523e+00, 4.984217e+01
2.729362e+00, 4.835972e+01
2.715276e+00, 4.687725e+01
2.701261e+00, 4.539479e+01
2.687319e+00, 4.391231e+01
2.673448e+00, 4.242984e+01
2.659650e+00, 4.094735e+01
2.645922e+00, 3.946486e+01
2.632265e+00, 3.798236e+01
2.618679e+00, 3.649986e+01
2.605163e+00, 3.501736e+01
2.591717e+00, 3.353485e+01
2.578339e+00, 3.205234e+01
2.565031e+00, 3.056982e+01
2.551791e+00, 2.908729e+01
2.538620e+00, 2.760476e+01
2.525517e+00, 2.612223e+01
2.512481e+00, 2.463969e+01
2.499513e+00, 2.315715e+01
2.486611e+00, 2.167460e+01
2.473776e+00, 2.019204e+01
2.461007e+00, 1.870949e+01
2.448304e+00, 1.722693e+01
2.435667e+00, 1.574436e+01
2.423094e+00, 1.426179e+01
2.410587e+00, 1.277922e+01
2.398144e+00, 1.129664e+01
2.385765e+00, 9.814052e+00
2.373450e+00, 8.331465e+00
2.361199e+00, 6.848872e+00
2.349010e+00, 5.366276e+00
2.336885e+00, 3.883675e+00
2.324822e+00, 2.401071e+00
2.312822e+00, 9.184622e-01
2.300883e+00, 3.594358e+02
2.289006e+00, 3.579532e+02
2.277190e+00, 3.564706e+02
2.265435e+00, 3.549880e+02
2.253741e+00, 3.535053e+02
2.242107e+00, 3.520227e+02
2.230533e+00, 3.505401e+02
2.219019e+00, 3.490574e+02
2.207565e+00, 3.475748e+02
2.196169e+00, 3.460922e+02
2.184832e+00, 3.446095e+02
2.173554e+00, 3.431269e+02
2.162333e+00, 3.416442e+02
2.151171e+00, 3.401615e+02
2.140066e+00, 3.386789e+02
2.129019e+00, 3.371962e+02
2.118028e+00, 3.357135e+02
2.107095e+00, 3.342308e+02
2.096217e+00, 3.327482e+02
2.085396e+00, 3.312655e+02
2.074631e+00, 3.297828e+02
2.063921e+00, 3.283001e+02
2.053266e+00, 3.268174e+02
2.042667e+00, 3.253347e+02
2.032122e+00, 3.238520e+02
2.021631e+00, 3.223693e+02
2.011195e+00, 3.208866e+02
2.000813e+00, 3.194038e+02
1.990484e+00, 3.179211e+02
1.980208e+00, 3.164384e+02
1.969985e+00, 3.149557e+02
1.959815e+00, 3.134730e+02
1.949698e+00, 3.119902e+02
1.939633e+00, 3.105075e+02
1.929620e+00, 3.090248e+02
1.919658e+00, 3.075420e+02
1.909748e+00, 3.060593e+02
1.899889e+00, 3.045765e+02
1.890081e+00, 3.030938e+02
1.880323e+00, 3.016111e+02
1.870616e+00, 3.001283e+02
1.860959e+00, 2.986455e+02
1.851352e+00, 2.971628e+02
1.841794e+00, 2.956800e+02
1.832286e+00, 2.941973e+02
1.822827e+00, 2.927145e+02
1.813416e+00, 2.912317e+02
1.804055e+00, 2.897489e+02
1.794741e+00, 2.882662e+02
1.785476e+00, 2.867834e+02
1.776258e+00, 2.853006e+02
1.767088e+00, 2.838178e+02
1.757965e+00, 2.823350e+02
1.748890e+00, 2.808522e+02
1.739861e+00, 2.793694e+02
1.730879e+00, 2.778867e+02
1.721943e+00, 2.764038e+02
1.713053e+00, 2.749211e+02
1.704210e+00, 2.734383e+02
1.695412e+00, 2.719554e+02
1.686659e+00, 2.704727e+02
1.677951e+00, 2.689898e+02
1.669289e+00, 2.675070e+02
1.660671e+00, 2.660242e+02
1.652097e+00, 2.645414e+02
1.643569e+00, 2.630586e+02
1.635083e+00, 2.615758e+02
1.626642e+00, 2.600930e+02
1.618244e+00, 2.586101e+02
1.609890e+00, 2.571273e+02
1.601579e+00, 2.556445e+02
1.593310e+00, 2.541617e+02
1.585085e+00, 2.526788e+02
1.576902e+00, 2.511960e+02
1.568761e+00, 2.497132e+02
1.560662e+00, 2.482303e+02
1.552605e+00, 2.467475e+02
1.544589e+00, 2.452647e+02
1.536615e+00, 2.437818e+02
1.528682e+00, 2.422990e+02
1.520790e+00, 2.408161e+02
1.512938e+00, 2.393333e+02
1.505128e+00, 2.378504e+02
1.497357e+00, 2.363676e+02
1.489627e+00, 2.348847e+02
1.481937e+00, 2.334019e+02
1.474286e+00, 2.319191e+02
1.466675e+00, 2.304362e+02
1.459103e+00, 2.289533e+02
1.451570e+00, 2.274705e+02
1.444076e+00, 2.259876e+02
1.436620e+00, 2.245047e+02
1.429204e+00, 2.230219e+02
1.421825e+00, 2.215390e+02
1.414485e+00, 2.200562e+02
1.407182e+00, 2.185733e+02
1.399917e+00, 2.170904e+02
1.392690e+00, 2.156076e+02
1.385500e+00, 2.141247e+02
1.378347e+00, 2.126418e+02
1.371230e+00, 2.111590e+02
1.364151e+00, 2.096761e+02
1.357108e+00, 2.081932e+02
1.350102e+00, 2.067103e+02
1.343132e+00, 2.052275e+02
1.336197e+00, 2.037446e+02
1.329299e+00, 2.022617e+02
1.322436e+00, 2.007789e+02
1.315608e+00, 1.992960e+02
1.308816e+00, 1.978131e+02
1.302059e+00, 1.963302e+02
1.295337e+00, 1.948473e+02
1.288649e+00, 1.933644e+02
1.281996e+00, 1.918816e+02
1.275377e+00, 1.903987e+02
1.268793e+00, 1.889158e+02
1.262242e+00, 1.874329e+02
1.255725e+00, 1.859500e+02
1.249242e+00, 1.844671e+02
1.242792e+00, 1.829842e+02
1.236376e+00, 1.815013e+02
1.229993e+00, 1.800184e+02
1.223642e+00, 1.785355e+02
1.217325e+00, 1.770526e+02
1.211040e+00, 1.755697e+02
1.204787e+00, 1.740868e+02
1.198567e+00, 1.726039e+02
1.192379e+00, 1.711210e+02
1.186222e+00, 1.696381e+02
1.180098e+00, 1.681552e+02
1.174005e+00, 1.666723e+02
1.167944e+00, 1.651894e+02
1.161914e+00, 1.637065e+02
1.155915e+00, 1.622236e+02
1.149947e+00, 1.607407e+02
1.144009e+00, 1.592578e+02
1.138103e+00, 1.577749e+02
1.132227e+00, 1.562919e+02
1.126381e+00, 1.548090e+02
1.120565e+00, 1.533261e+02
1.114780e+00, 1.518432e+02
1.109024e+00, 1.503603e+02
1.103298e+00, 1.488774e+02
1.097602e+00, 1.473944e+02
1.091935e+00, 1.459115e+02
1.086297e+00, 1.444286e+02
1.080688e+00, 1.429457e+02
1.075109e+00, 1.414628e+02
1.069558e+00, 1.399798e+02
1.064036e+00, 1.384969e+02
1.058542e+00, 1.370140e+02
1.053077e+00, 1.355310e+02
1.047639e+00, 1.340481e+02
1.042230e+00, 1.325652e+02
1.036849e+00, 1.310822e+02
1.031496e+00, 1.295993e+02
1.026170e+00, 1.281164e+02
1.020872e+00, 1.266334e+02
1.015601e+00, 1.251505e+02
1.010357e+00, 1.236676e+02
1.005141e+00, 1.221846e+02
##END= 
