##TITLE= Parameter file, TopSpin 4.1.4
##JCAMPDX= 5.0
##DATATYPE= Parameter Values
##NPOINTS= 8	$$ modification sequence number
##ORIGIN= Bruker BioSpin GmbH
##OWNER= cristina
$$ 2024-05-30 11:54:20.449 +0200  cristina@cibmscannerd
$$ /opt/nmrdata/PV-360.3.3/data/cristina/20240530_092213_BDL776_sham_male_30052024_BDL776_sham_male_30052024_1_1/27/pv2tsdata/1/pdata/1/clevels
$$ process /opt/PV-360.3.3/prog/mod/dataserver
##$LEVELS= (0..255)
-38119322927.3629 -21177401626.3127 -11765223125.7293 -6536235069.8496
-3631241705.472 -2017356503.04 -1120753612.8 -622640896 622640896 1120753612.8
2017356503.04 3631241705.472 6536235069.8496 11765223125.7293 21177401626.3127
38119322927.3629 0 0 0 0 0 0 0 0 0 0 0 0 0 0 0 0 0 0 0 0 0 0 0 0 0 0 0
0 0 0 0 0 0 0 0 0 0 0 0 0 0 0 0 0 0 0 0 0 0 0 0 0 0 0 0 0 0 0 0 0 0 0 0
0 0 0 0 0 0 0 0 0 0 0 0 0 0 0 0 0 0 0 0 0 0 0 0 0 0 0 0 0 0 0 0 0 0 0 0
0 0 0 0 0 0 0 0 0 0 0 0 0 0 0 0 0 0 0 0 0 0 0 0 0 0 0 0 0 0 0 0 0 0 0 0
0 0 0 0 0 0 0 0 0 0 0 0 0 0 0 0 0 0 0 0 0 0 0 0 0 0 0 0 0 0 0 0 0 0 0 0
0 0 0 0 0 0 0 0 0 0 0 0 0 0 0 0 0 0 0 0 0 0 0 0 0 0 0 0 0 0 0 0 0 0 0 0
0 0 0 0 0 0 0 0 0 0 0 0 0 0 0 0 0 0 0 0 0 0 0 0 0 0 0 0 0 0 0 0 0
##$LEVSIGN= 3
##$MAXLEV= 8
##$METHOD= 0
##$NEGBASE= -622640896
##$NEGINCR= 1.8
##$POSBASE= 622640896
##$POSINCR= 1.8
##END=
